22 9999 9383 9111 8772 8095 7374 6714 6307 5815 5114 4677 4229 3609 2810 1892 1331 1236 630 62 1210 2858 6933
23 9998 9246 8889 8378 8085 7683 7249 7001 6409 5614 5399 4716 4198 3881 3662 2883 2078 1563 1015 604 671 2459 6042
25 9996 9226 8817 8277 7848 7629 7164 6726 6477 6080 5288 5218 4875 4602 3819 3328 3048 2891 1922 1544 1165 770 249 1641 4172
28 9995 9602 9429 9211 8813 8318 7714 7255 6778 6167 5642 5372 5155 4876 4529 3825 3584 3306 3131 2719 1949 1511 1288 1011 475 42 3581 6424
34 9994 9407 9345 9059 9009 8539 8435 8119 7962 7599 7364 6608 6143 5780 5750 5068 4859 4097 3880 3695 3291 2861 2689 2441 2281 1774 1400 1327 632 4 1036 1597 3551 6428
30 9993 9608 9344 9309 8561 8516 8205 8040 7801 7681 7105 6378 5683 5519 5239 5134 4535 4110 3759 3607 3102 2290 1509 1305 1031 844 322 678 2506 7794
26 9992 9089 8929 8433 8210 8047 7698 7563 6647 6491 6211 5387 5140 5073 4561 4342 3821 3065 2527 2101 1484 1246 1078 135 2003 6488
29 9991 9136 8651 8128 8059 7507 7262 6934 6444 6242 6084 5794 5343 5243 4984 4449 4038 3645 3012 2413 1825 1455 1230 1095 697 246 421 1566 6597
29 9990 9604 9478 9343 9083 8684 7987 7625 7371 7243 6743 6503 6034 5997 5392 4788 4315 3928 3056 2912 2546 1607 1423 1254 727 514 389 3160 8078
26 9989 9241 8770 7863 7375 7109 6987 6541 6443 5734 5405 5148 4710 4171 4084 3932 3574 3021 2464 2210 1552 860 318 1014 3423 5941
25 9988 9317 8927 8555 8093 7866 7634 7021 6490 5719 5499 5009 4795 4475 4193 3655 2816 2504 2255 1911 1503 1249 431 220 3249
28 9987 9618 9363 8944 8732 8465 8014 7486 7059 6625 6027 5438 4870 4732 4024 3829 3332 2909 2576 1895 1659 1258 956 481 268 192 1505 5455
30 9986 9822 9591 9449 9263 8857 8493 8295 7800 7312 6673 5923 5764 5410 5191 4746 4244 4124 3776 3538 3146 2714 2323 1528 1399 1296 564 113 288 6507
34 9985 9624 9356 9032 8567 8399 8138 7780 7451 7023 6472 6326 6176 6005 5908 5696 5104 4664 4270 3602 3391 3024 2447 2353 1898 1177 939 777 511 558 1983 2205 4114 8103
36 9984 9605 9204 8891 8623 8505 8272 8106 7718 7390 6779 6660 6487 6282 6184 5785 5699 5441 5127 4713 4243 3502 3334 2673 2427 2230 1953 1543 1224 995 762 594 157 1712 4397 7132
31 9983 9149 8621 8403 8186 7907 7815 7178 6672 6521 6362 5942 5814 5668 5318 5061 4538 4041 3586 3277 2674 2328 2147 1418 1200 987 374 200 1938 4754 8346
32 9982 9409 8842 8538 8379 7955 7920 7747 7536 7184 6822 6476 6273 5770 5274 5033 4978 4389 4158 3857 3459 3230 2937 2701 2523 1646 1490 819 682 147 1359 6897
27 9981 9284 8937 8298 8025 7742 7509 7108 6564 6129 5968 5654 5332 4674 4520 3777 3193 3072 2730 2540 1912 1483 1127 517 526 3233 9191
29 9980 9490 9100 8780 8480 8408 7961 7669 7092 6889 6404 6186 5694 5386 4579 3988 3261 2897 2488 1844 1462 1057 662 95 1 850 2156 3051 8141
28 9979 9304 8792 8223 8120 7593 7226 7010 6453 5845 5638 5347 4993 4900 4800 4356 3800 3043 2638 2390 1876 1698 1156 525 495 96 2446 3123
26 9978 9437 9022 8776 8228 7874 7844 7588 7330 6742 6442 6110 5477 4834 4521 4403 4152 3707 3300 2449 1656 1279 887 380 1312 5604
28 9977 9482 8801 8548 8055 7924 7128 6864 6377 5738 5338 5025 4918 4606 4128 3760 3366 3100 2895 2133 1679 1229 489 241 0 2265 6599 8019
29 9976 9832 9590 9143 8827 8659 8558 7902 7548 7278 6947 6366 5860 5258 5027 4361 4205 3971 3608 2878 2685 2261 1677 1214 807 451 254 563 3482
26 9975 9537 9170 8650 8302 7481 7120 6666 6210 5434 4954 4528 4232 4175 3700 3365 2972 2435 2165 2064 1592 1106 814 119 1051 4581
28 9974 9281 9254 9064 8543 7934 7403 6797 6372 6313 5880 5315 4792 4380 4219 4072 3851 3116 2989 2370 1692 1208 1166 366 195 1048 3720 5326
30 9973 9483 9272 8974 8585 8397 8293 8111 8087 7547 7492 6920 6489 6081 5597 5412 4570 4206 3806 3404 2828 2493 2275 1689 949 506 290 1410 2993 5482
31 9972 9118 8637 8491 8225 7582 7040 6723 6620 6429 6178 5915 5793 5436 4638 3997 3849 3472 3003 2582 2474 1690 1603 1256 880 533 250 197 106 746 1756
25 9971 9565 9178 8677 8202 7733 7614 7489 7336 6706 6246 5404 4940 4200 3557 3180 2545 2113 1854 1282 725 69 2517 4238 6021
28 9970 9640 9196 9086 8601 8112 7791 7529 7402 6929 6809 6394 5817 5286 5018 4927 4438 3900 3349 3133 2880 2658 2126 1735 1244 758 17 3425
29 9969 9497 9232 8835 8282 8092 7879 7429 7193 6807 6568 6102 5895 5358 5123 4868 4690 4245 3651 3281 2927 2377 1864 1719 1135 532 56 1572 3511
30 9968 9579 8990 8556 8257 8011 7869 7216 6847 6544 6277 5487 4910 4695 3967 3514 3225 2935 2720 2659 2448 2050 1720 1688 1481 1164 497 128 2005 5046
34 9967 9277 9070 8565 7971 7693 7457 7207 6739 6454 6147 5946 5850 5677 5374 5287 5189 4929 4644 4129 3912 3715 3287 2639 2562 1915 1547 1203 607 155 1746 1826 4766 6956
29 9966 9607 9525 8702 8382 8130 7532 7082 6902 6732 6652 6148 5878 5268 4941 4584 4161 3515 3061 2593 2119 1840 1469 1087 638 190 1178 4088 6812
25 9965 9126 8724 8525 8308 7517 6878 6727 6132 5644 5086 4930 4437 3722 3536 3512 2754 2473 2409 2200 1803 1137 600 493 3128
29 9964 9299 8795 8498 8371 8052 7527 7393 6829 6615 6221 5533 4706 4181 3749 3018 2331 1715 1635 1494 1221 722 633 222 146 474 1807 4852 8786
37 9963 9523 9048 8886 8496 7966 7930 7447 7287 6931 6623 6065 5852 5476 4838 4372 4159 3828 3419 3338 3031 2691 2264 1897 1754 1158 960 778 500 48 554 1148 1745 4169 5069 5679 8980
32 9962 9287 8906 8262 7825 7561 7422 7037 6639 6226 6007 5725 5586 5247 5002 3986 3799 3525 2842 2154 1771 1685 1553 1401 1225 628 530 168 54 544 2482 6845
30 9961 9550 8874 8431 8287 7710 7618 7149 6530 6269 5964 5234 4965 4633 4282 3979 3454 3323 3069 2671 2189 1726 1255 1069 772 279 126 1192 2736 5583
27 9960 9522 9371 8826 8547 8185 7942 7464 7345 6867 6494 6078 5709 5431 5303 5284 4702 4355 3570 2913 2686 2278 1596 942 109 256 3856
28 9959 9496 9424 9342 8933 8294 8007 7358 7051 6763 6374 5994 5698 5229 5013 4443 3953 3464 2654 2461 2221 1773 1406 822 420 1860 2820 6197
30 9958 9359 9218 8741 8503 8347 8002 7713 7323 6945 6535 6114 5958 5784 5494 5028 4490 3506 3326 2872 2597 2192 1777 1367 1128 448 111 2038 4239 7382
27 9957 9861 9088 8624 7952 7899 6984 6826 6342 5755 5676 4831 4279 3934 3521 3083 2843 2437 2079 1919 1273 1176 954 149 1769 2191 3171
32 9956 9589 9219 8535 8338 7903 7396 7281 7044 6758 6235 5742 5059 4522 4381 3969 3869 3295 3022 2690 2219 1882 1750 1257 1168 1107 621 384 31 294 2922 8097
31 9955 9335 8671 8499 8358 8126 7748 7388 6876 6455 6421 6051 5884 5760 5525 5496 4717 4509 4335 3842 3274 2998 2397 2286 1770 1291 988 496 8 2141 4616
25 9954 9190 8554 8402 7755 7581 6952 6418 5948 5706 5527 4919 4483 4423 3784 3658 3105 2564 1883 1517 925 728 441 498 3384
28 9953 9319 8967 8578 8070 7906 7568 6697 5957 5648 5026 4612 4053 3927 3739 3593 3138 2784 2179 2067 1297 866 582 233 479 2584 3501 4794
29 9952 9438 8935 8632 8144 8003 7646 7483 7239 6976 6254 5687 5309 4897 4353 4008 3517 3272 2534 2299 1985 1811 1198 680 183 153 2042 3324 3922
30 9951 9318 8688 8331 8094 8000 7506 7174 6913 6462 6137 5963 5572 5072 4327 3763 3531 3360 3125 3036 2548 2463 2380 1978 1103 261 846 2557 3693 7849
24 9950 9094 8902 8605 8177 8030 7438 7065 6182 5731 5264 4741 4220 3895 3718 3070 2358 1612 1223 334 209 92 3929 6056
29 9949 9518 9194 8829 8504 8160 7964 7353 7152 6907 6223 5688 5119 4916 4709 4624 4230 4026 3714 3074 2537 1920 1449 975 536 386 26 1666 5130
26 9948 9381 8631 8254 7734 7101 6843 6579 6466 6053 5544 5459 5314 4824 4583 4074 3348 2724 2567 2143 1625 871 543 346 446 3903
23 9947 9310 8884 8642 7885 7322 6538 6172 5838 5556 5450 5060 4802 4222 3418 2942 2204 1974 1488 806 484 141 1822
30 9946 9501 9379 8851 8652 8292 8149 7716 7394 7099 6724 6403 6058 5546 5367 5093 4560 3983 3313 2834 2577 2345 2153 1501 1366 935 480 43 4141 6687
30 9945 9597 8930 8641 8312 7824 7592 7144 7017 6495 6217 6153 5806 5513 4627 4209 3978 3812 3345 2845 2436 2061 2033 1352 519 29 2145 2769 4481 7995
31 9944 9507 9420 9183 8840 8250 7853 7543 7270 7169 6848 6576 6386 6162 5979 5757 5563 5098 4777 4157 3724 3200 2612 2371 1714 784 734 400 176 862 4662
28 9943 9452 8791 8050 7648 6957 6222 5926 5833 5498 5435 5032 4735 4306 3894 3572 2848 2432 2149 1682 1534 989 385 159 1437 2603 3247 6347
27 9942 9548 8815 8344 8123 7859 7816 7220 6904 6382 6108 5433 5012 4688 4265 3840 3346 2808 2650 2142 1783 1286 886 696 351 2396 7937
28 9941 9422 9110 9045 8705 8653 7915 7697 7472 7370 7197 7041 6465 5839 5316 4943 4183 3737 3130 2470 2094 1763 1290 535 191 702 2069 5241
27 9940 9057 8788 8289 7767 7518 7210 6991 6646 5881 5378 5089 4714 4393 3675 3327 2859 2761 2613 1967 1550 1185 717 473 1924 3704 6791
26 9939 9306 9014 8627 8477 8001 7571 7496 7251 6632 6448 6396 5918 5536 4585 3915 3727 3013 2565 2011 1368 1085 584 59 2469 5465
28 9938 9530 9046 8643 7957 7837 7544 7147 6834 6674 6520 6427 6126 5473 5278 4894 4312 3677 3465 3320 2343 1881 1394 1101 341 47 2890 4974
22 9937 9203 8911 8687 8252 7682 6852 6292 6165 5980 5468 4828 4177 3876 3508 2498 1765 1514 945 832 477 5837
28 9936 9557 9236 8595 8150 7891 7209 7039 6777 6416 6035 5697 5408 5042 4496 4190 3620 3189 2817 2213 1891 1447 895 508 349 108 766 4071
30 9935 9238 9056 8837 8404 7909 7455 7018 6883 6833 6312 5775 5211 4905 4711 4237 3863 3331 2760 2625 2225 2049 1601 1161 712 353 218 49 2940 3899
31 9934 9439 9130 8764 8620 8489 8204 7594 7404 7095 6391 6061 5851 5643 5290 4884 4480 4191 4061 3926 3430 2406 2024 1733 1338 1091 919 403 163 215 1442
31 9933 9636 9296 9163 8721 8361 8276 7722 7551 7482 7064 6267 5610 5118 4981 4769 4432 4225 3754 3622 3548 2804 2725 2258 2174 1027 391 58 3039 4568 5262
30 9932 9573 9266 8897 8744 8154 7917 7271 6553 6471 5730 5472 5376 5299 4728 4457 4195 4035 3600 2787 2220 2125 1828 1307 1072 693 365 115 2234 7186
30 9931 9583 9308 9156 8758 8553 8395 7923 7316 6793 6690 6135 5724 5418 4487 3719 3638 3561 3103 2886 2338 2111 1843 1643 1088 848 299 104 3119 3709
30 9930 9351 9155 8810 8230 7749 7467 7022 6554 6328 6068 5762 5198 4367 4179 3634 3623 3550 3470 2839 2592 2276 1739 1157 918 472 344 130 2384 6229
27 9929 9312 9025 8454 8242 8147 7889 7761 7479 6924 6475 6445 6128 5778 5111 4431 3945 3639 3208 2783 2312 1743 707 579 2 1805 4632
28 9928 9361 9019 8743 8422 8176 7847 7463 6981 6558 6470 6438 5702 5416 5180 4593 4388 3985 3891 2966 2551 2053 1797 845 313 1275 3201 7080
31 9927 9622 9476 9459 9256 9134 8771 8351 8179 7771 7639 7241 6923 6280 5647 5541 5177 4938 4540 4083 3142 2456 2082 1799 1252 677 512 691 2635 4091 5354
27 9926 9234 8981 8745 8466 8079 7913 7636 7314 6774 6014 5701 5167 4591 4131 3951 3262 2809 2403 1963 1414 1215 142 612 1422 2855 3516
27 9925 9627 9104 8663 8340 7789 7473 7143 6582 6115 5943 5432 5036 4909 4395 4343 3669 3487 3108 2657 2059 1392 841 363 198 2640 3766
31 9924 9592 9313 9237 8932 8265 7741 7168 6469 6187 5728 5230 4731 4288 3814 3446 3301 3289 3211 2889 2585 2383 1850 1235 1171 557 452 240 952 2368 5014
30 9923 9442 9311 8617 8162 7999 7466 7342 6906 6369 6298 5993 5602 5480 5313 4937 4505 4014 3798 3744 3336 2936 2405 1914 1433 649 462 2146 3471 4797
28 9922 9510 9101 8597 8229 8022 7763 7406 6992 6914 6611 5905 5484 5221 4197 3938 3844 3457 2985 2501 2455 1848 1416 955 614 174 2785 5835
32 9921 9324 8794 8236 8024 7830 7228 7172 6602 6479 6069 5995 5401 5103 4999 4839 4691 4524 4109 3549 3444 2959 2560 1968 1744 1519 1052 970 278 273 1196 3099
26 9920 9215 8900 8170 7960 7699 7373 6858 6133 5791 5577 4921 4518 4221 3599 3199 2923 2865 2542 1878 1332 916 161 1776 5831 8725
30 9919 9075 8888 8475 8258 8136 7577 7377 7338 7234 6601 6225 5741 5129 4885 4417 4347 3995 3956 3672 3150 2962 2676 2224 1960 1376 673 73 1134 5528
29 9918 9148 8777 8452 8203 7843 7522 7073 6935 6397 6265 6019 5301 4818 4379 4262 3898 3494 2929 2422 1993 1640 1018 402 343 83 2876 4807 6982
28 9917 9539 9174 9109 8524 8073 7631 7217 6857 6414 5868 5320 5150 4696 4153 3743 3394 2718 2634 1467 1131 990 631 114 2012 3363 5552 7205
25 9916 9354 8869 8570 8514 8008 7441 7042 6499 6025 5635 5210 4986 4767 4280 4105 3071 2811 2362 1665 1019 112 1925 2652 6062
30 9915 9455 8898 8838 8481 8156 7616 7356 6972 6820 6704 6486 6251 5754 5078 4527 4142 3563 3135 2856 2401 1741 1529 964 348 236 286 684 4949 5245
26 9914 9023 8882 8534 7806 7410 7100 6240 5761 5460 5249 4809 4516 3839 3158 2710 2478 2102 1631 922 857 518 212 72 1660 4994
24 9913 9643 9037 8626 7793 7533 6676 6161 6111 6033 5747 5238 4819 3884 3436 2661 2148 1589 815 685 574 75 2228 8057
27 9912 9519 8847 8738 8183 7766 7597 6910 6458 6212 6174 5662 5163 4806 3981 3497 3417 2311 1767 1133 635 522 280 854 3240 4760 8033
28 9911 9414 9002 8701 8320 8263 7805 7233 7224 6932 6074 5512 5110 4854 4582 4274 3858 3344 2934 2389 1847 1474 1294 883 64 3145 3698 4944
32 9910 9623 9298 9239 8841 8542 7856 7501 7428 7182 6594 6306 5951 5581 5215 4748 4427 4284 3896 3474 3222 2969 2632 1907 1500 1326 713 503 139 37 816 4753
29 9909 9431 9182 8915 8799 8188 7884 7570 6959 6837 6188 5913 5601 5184 4565 4291 4188 3872 3817 3466 3254 3163 2920 2375 1718 867 624 1417 3592
30 9908 9630 9491 9338 9005 8861 8384 8051 7864 7654 7133 6875 6814 6387 5867 5021 4371 3936 3555 3239 2826 2207 1621 876 740 264 837 3383 4661 5149
29 9907 9358 8867 8697 8616 8372 8140 7488 7264 7163 6790 6590 6253 6119 5631 4703 4192 3941 3907 3389 2939 2832 2695 2412 2110 1441 797 281 6392
26 9906 9524 9245 8958 8634 8330 7502 7081 6515 5986 5569 5185 4554 4226 3488 3307 3004 2254 2144 1928 1555 1287 852 84 1785 4182
32 9905 9225 8438 8213 7959 7649 7360 7033 6764 6286 6045 5462 4959 4791 4693 4377 3834 3539 2960 2606 2485 2475 2317 2046 1570 938 634 465 1053 3833 5260 7633
32 9904 9609 9394 8998 8683 8580 8492 8367 8206 7645 7368 6688 6485 6283 6049 5651 4836 4539 4472 4094 3285 3055 2337 1431 1105 1016 742 399 251 627 2755 7662
29 9903 9290 9050 8649 8139 7495 6621 6459 6024 5720 5188 5113 5019 4789 4610 4235 3888 3836 3735 3422 2751 2167 1877 966 741 606 162 2169 6613
29 9902 9513 8914 8855 8425 7983 7692 7060 6483 6297 6195 5682 5515 5109 4987 4883 4325 4033 3807 3543 3406 2879 2439 1676 1159 760 248 931 3503
30 9901 9404 9084 8719 8471 7846 7635 7354 6855 6390 6160 5712 5429 5045 4285 3685 3207 3066 2466 1946 1440 1253 904 611 303 185 571 1831 4392 7851
29 9900 9279 8946 8658 8310 7686 7439 6890 6712 6311 6204 5928 5295 4752 4081 3674 3212 3144 2983 2812 2438 2394 1526 1155 908 708 217 476 2351
29 9899 9301 8978 8730 8564 8288 7688 7280 7011 6552 5805 5379 4645 4551 4295 3963 3409 3342 3192 2762 2581 2015 1605 1120 683 22 295 2693 5041
26 9898 9063 8839 8657 8370 7775 7305 6922 6517 6138 5618 4899 4468 4228 4167 3582 3294 2778 2151 1475 894 449 267 173 3025 5254
27 9897 9612 9502 9139 8849 8603 8507 8031 7732 7272 7083 6686 6447 5795 5183 4908 4104 3610 2958 2631 2123 1910 869 287 1816 3756 6152
28 9896 9631 9248 8913 8546 8102 7503 7055 6426 6260 6044 5479 4817 4471 4264 3688 3002 2180 1851 1452 1301 976 842 711 93 60 1558 5467
28 9895 9613 9512 8973 8381 7887 7445 7283 7086 6518 6218 5927 5609 5417 4849 4588 4512 3998 3524 3297 2773 2106 1340 755 407 450 1186 2263
28 9894 9300 8599 8169 7778 7296 6962 6610 6379 5789 5279 5004 4576 4407 3779 3661 3439 3161 2945 2580 2296 1565 1009 312 726 2604 4878 7006
25 9893 9231 8760 8654 8386 7965 7550 7066 6823 6289 5901 5587 4936 4511 4217 3867 3400 2678 2502 1794 1460 903 356 2163 3590
30 9892 9426 9274 9123 8943 8881 8613 8280 7977 7796 7211 6799 6516 6004 5792 5622 5181 4689 4108 3757 3571 3231 2601 2316 1943 1661 745 247 1339 3534
30 9891 9079 8805 8212 7858 7754 7421 7192 6580 6064 6015 5787 5402 4855 4643 4011 3666 3432 3369 2873 2369 2155 1837 1346 1180 509 184 2756 5325 8044
30 9890 9587 9065 8899 8545 8460 8159 7871 7539 7097 6618 6141 5302 5143 4879 4614 4076 3647 2905 2471 2208 1757 1634 1532 1070 992 412 33 2304 3256
29 9889 9446 8956 8582 8268 8178 7468 7199 6973 6692 6549 6171 5864 5453 4858 4366 3982 3408 3152 2404 1987 1886 1211 795 669 10 1080 1824 2874
25 9888 9544 9217 8895 8457 8110 7302 6944 6736 6534 5904 5829 5627 4932 4139 3708 3217 2776 1889 1619 1000 576 194 2512 4115
25 9887 9552 9380 8925 8737 8375 8283 7910 7208 6695 6309 6018 5674 5071 4589 4117 3742 3347 2572 2366 1591 979 284 687 4507
33 9886 9376 9030 8648 8479 8275 7667 7352 7014 6694 6634 6258 5877 5684 5352 5094 4907 4332 3924 3351 2764 2608 2322 2105 1662 1504 789 562 297 150 1247 4166 9141
32 9885 9549 9165 8814 8686 8419 8365 7970 7423 7227 6813 6612 6278 5657 5092 4648 4346 3970 3594 3040 2815 2646 2249 1858 1680 926 700 3 336 2244 3312 5388
28 9884 9206 8710 8588 8474 7886 7559 7052 6874 6569 6088 5821 5640 5007 4799 4615 4428 3931 3696 3089 2295 2212 1527 1151 639 19 1407 6980
32 9883 9567 9370 9012 8680 8311 8072 7900 7535 7263 6900 6343 5856 5626 5275 4387 4127 3920 3797 3166 2988 2553 2194 1649 1521 1202 980 791 275 1021 2381 3968
27 9882 9638 9186 8765 8168 7946 7670 7166 7117 6401 6236 5998 5504 5364 5029 4165 4034 3721 2992 2248 2184 1493 847 373 528 3972 6770
27 9881 9425 9293 9112 8769 8218 7378 7123 6860 6757 6205 6047 5937 5714 5124 4816 4609 4373 4340 3605 3522 3373 2716 2099 1397 466 1700
31 9880 9509 9401 9041 8957 8630 8508 8321 7804 6884 6533 6302 6099 5921 5452 4924 4351 4173 3359 3062 2620 2569 2259 2066 1658 1266 796 181 1531 3264 5266
29 9879 9599 9460 9377 8569 7921 7668 7326 7102 6680 6296 5721 5508 5174 4917 4439 3734 3271 2888 2645 2057 1706 1094 765 490 418 207 5008 7822
30 9878 9387 9062 8596 8048 7651 7137 6816 6407 6089 6043 5695 5573 5039 4653 3976 3706 3305 3227 3114 2735 2521 2251 1972 1355 1337 1042 461 598 5334
24 9877 8997 8876 8329 7709 7153 6536 6207 5786 5261 4923 4734 4255 4025 3589 3405 2882 1738 1657 1391 948 225 1377 5944
32 9876 9621 9432 8962 8248 8067 7596 7367 7122 6886 6524 6468 6151 5836 5769 5345 4970 4669 3890 3330 3014 2579 1819 1732 1389 849 735 423 271 1976 3694 8099
33 9875 9349 9258 9001 8733 8244 8125 7819 7284 6943 6519 6113 6036 5716 5522 5497 5063 4719 4676 4376 3946 3079 2792 2588 1927 1586 1213 783 340 27 1139 3179 6330
31 9874 9566 9188 8638 8231 7839 7434 6894 6682 6335 5999 5800 5665 5335 4744 4630 4319 3889 3603 3298 2616 2339 1957 1721 1616 1240 767 359 1038 3333 6891
26 9873 9388 9003 8696 8418 7707 7523 7061 6504 5886 5531 4782 4012 3357 2835 2274 2103 1921 1869 1578 1104 792 393 338 3350 7584
24 9872 9486 8924 8615 8385 8306 8175 7764 7510 7141 6658 6279 5649 5087 4424 4032 2924 2575 2017 1525 881 555 1348 3278
31 9871 9255 8852 8530 8353 8124 7477 7125 6630 6150 5735 5526 5056 4962 4420 4184 3992 3803 3629 3443 3206 2853 2589 2018 1370 1281 1012 889 211 2672 3505
33 9870 9626 9384 9158 8975 8720 7941 7580 7494 7309 7238 7107 6795 6685 6435 5675 5600 5362 4952 4786 4515 3933 3319 2869 2197 1791 1606 953 376 88 1037 1424 3827
30 9869 9580 9282 8894 8484 8421 8273 7601 7063 6609 6371 5916 5486 5000 4646 4458 4051 3513 3000 2269 1814 1265 1022 798 463 232 429 1675 4236 7914
31 9868 9547 9138 8656 8618 8285 8086 7840 7553 6696 6101 5893 5564 5474 5403 4740 4358 3908 3518 3096 2728 2514 1973 1775 1357 468 333 681 1520 4303 6781
27 9867 9586 9253 9133 8669 8410 8064 7821 7306 7139 6751 5976 5809 5621 5116 4375 3668 3087 2976 2642 2298 1800 1585 855 137 553 4768
26 9866 9488 8979 8662 8527 8207 7888 7250 6968 6353 5992 5907 5517 5202 4934 4415 4017 3296 2662 2014 1478 729 193 41 3385 5595
27 9865 9581 9369 9040 8608 8246 7712 7346 6844 6263 6168 5490 5085 4465 4203 3886 3546 3188 2757 2124 1875 800 145 1267 2849 4796 9670
27 9864 9322 9316 9216 9142 8781 8342 7967 7537 7019 6385 6127 5767 5664 5516 4860 4202 3684 3078 2382 1382 1212 643 120 660 3902 5057
27 9863 9637 9233 8675 8461 8313 7808 7706 7372 6748 6587 6400 5816 5101 4619 4493 4090 3402 2977 2508 1958 1821 1396 661 375 1835 3815
27 9862 9243 8970 8690 8122 7526 6988 6936 6871 6415 5736 5390 4686 4036 3558 3455 3148 2790 2615 2398 2280 1195 923 645 321 1600 4751
30 9860 9433 9208 8796 8488 8133 7862 7452 7266 7103 6464 5974 5537 5132 4920 4510 4004 3646 3273 2786 2128 1899 1169 599 252 747 2851 3339 4469 6578
26 9859 9305 9051 8437 8174 7663 7586 7308 7079 6754 5842 5363 4820 4037 3177 2860 2507 2159 1994 1362 1207 799 16 2048 4078 7136
26 9858 9271 8994 8824 8518 8088 7988 7600 6908 6619 5726 5421 5108 4601 4486 4103 3801 3535 2925 1859 1096 907 419 487 2573 3782
24 9857 9336 9119 8999 8573 7922 7650 6892 6566 6351 5971 5478 4700 4446 3752 3374 3279 2596 2467 1702 878 121 3598 5049
24 9856 9202 8856 8411 8005 7739 7157 6670 5863 5466 5276 4391 3955 3816 3479 2981 2621 2273 1609 974 122 1204 3492 4757
28 9855 9465 9162 8742 8506 8098 7672 7288 6866 6140 5717 5366 5307 4725 4652 4297 3520 3221 2951 2555 2468 2108 1644 1354 718 66 3440 4701
27 9854 9551 8828 8423 7799 7567 7070 6678 6079 5790 5520 5285 4492 4044 3510 3093 2950 2875 2559 2445 2045 1742 1129 411 182 1059 2711
25 9853 9402 9082 8552 8224 8045 7564 7293 7213 6591 6194 5972 5596 5179 4623 4135 4013 3178 2291 1687 1347 818 80 2717 7642
32 9852 9405 9128 8942 8513 8201 7894 7254 7170 6939 6798 6373 5945 5457 5172 4763 4290 4028 3785 3186 2605 2092 2001 1861 1710 1502 1002 655 603 169 1752 4611
26 9851 9454 8846 8449 7945 7414 7362 6562 6473 5849 5350 4726 4514 4402 3940 3438 3184 2533 2183 1653 1261 424 30 482 1956 3579
28 9850 9297 8755 8198 8032 7395 7078 6911 6614 6329 6185 6023 5891 5567 5530 5112 4882 4248 3750 2997 2694 2407 1884 1284 1029 578 291 2195
29 9849 9017 8904 8592 8442 8335 7781 7572 7165 6762 6540 6166 5981 5812 5182 4848 4485 4146 3625 3020 2637 2505 1852 1671 1360 723 243 2600 7427
30 9848 9738 9576 9529 9411 8731 8428 8108 7770 7321 6800 6191 5953 5444 5253 4947 4603 4100 3868 3219 3063 2862 2408 2240 1755 1388 901 97 1833 3322
25 9847 9168 8863 8834 8261 7908 7721 7385 6993 6722 6575 6228 5866 5319 5052 4452 4102 3755 3415 2953 2010 1749 1034 347 3560
29 9846 9585 9511 9193 8540 8336 7637 7259 7167 6734 6293 5872 5220 4913 4649 4441 4364 4194 3687 3085 2660 2058 1707 1549 823 455 24 1415 8551
28 9845 9467 8800 8593 8279 7926 7826 7579 7437 6839 6555 5740 5424 5252 5011 4886 4301 3738 3220 2968 2841 2300 1508 884 550 51 2305 3258
25 9844 9493 8936 8444 7943 7487 7054 6846 6510 5692 5131 4668 4374 3975 3818 3263 2531 2486 1950 1908 1663 1342 618 78 2526
30 9843 9500 9355 8873 8682 7939 7621 6895 6776 6663 6077 5739 5380 4840 4491 4422 4241 3690 3580 3098 2884 2624 2253 1945 1379 1303 1003 123 4989 8090
25 9842 9563 9200 8388 8267 7602 7030 6801 6398 6073 5611 5248 4829 4546 4056 3530 2827 2420 2065 1684 1313 1039 692 701 5532
28 9841 8887 7976 7304 6873 6761 6072 5711 5615 5256 4977 4697 4073 3767 3362 3019 2780 2138 1933 1829 1535 902 851 228 170 1499 3831 5500
29 9840 9303 8947 8414 8197 7813 7608 7231 6963 6744 6532 6341 6215 5529 5193 4721 4323 3606 3122 2386 2242 2096 1277 738 372 102 968 3460 6198
27 9839 9633 9029 8501 8221 7852 7659 6996 6589 6032 5281 5034 4604 4145 3238 3182 3094 2641 1954 1834 1385 1237 549 255 502 3104 3387
30 9838 9533 9484 8985 8885 8763 7990 7787 7583 7058 6756 5965 5483 5365 4749 4283 3644 3268 2957 2675 2284 2047 1329 853 293 306 659 3190 7138 9997
26 9837 9166 8619 8323 7740 7300 7113 6794 6529 6322 6122 6052 5603 4946 4425 4223 3712 2975 2004 1530 1047 769 689 629 1608 4634
32 9836 9494 9013 8804 8163 7875 7525 7180 6927 6572 6104 5685 4793 4313 4201 3612 3270 3067 2677 2476 2288 1628 1090 1054 705 485 335 804 1123 2378 4523 5383
31 9835 9474 9099 8959 8473 8165 7932 7827 7391 7091 6760 6087 5830 5590 5414 5075 4635 4266 4096 3731 3542 2980 2344 1969 1626 1373 875 507 362 596 2847
31 9834 9321 9264 8969 8872 8291 7928 7725 7369 6954 6419 6028 5859 5671 5162 4722 4317 4050 3564 3308 3023 2400 2357 2216 1145 940 695 354 835 3630 9058
31 9833 9528 9457 9329 8819 8611 8341 7769 7325 6896 6737 6413 6120 5925 5576 5158 4815 4039 3601 3121 2961 2702 1730 1007 345 196 350 1421 1808 4808 6638
29 9831 9571 9240 9028 8376 8083 7896 7610 7315 7049 6804 6361 6020 5469 4998 4463 4021 3310 2739 2460 2060 1971 1482 1017 863 439 586 1909 7759
27 9830 9097 8896 8325 8151 7708 7009 6059 5585 5122 4453 3617 3413 2903 2633 2578 2268 2040 1541 1435 749 444 263 208 523 1809 4338
30 9829 9543 9076 8676 8377 8134 7736 7411 7400 7088 6951 6811 6434 6356 6055 5545 5139 4489 4233 3729 3541 3082 2731 2444 1404 985 505 810 2086 4099
27 9828 9553 9176 8629 8155 7979 7842 7444 6912 6097 5707 5406 5135 4513 4341 3486 3248 3120 2547 2308 1929 1780 1395 982 568 1577 9145
26 9827 9416 8928 8576 8241 8049 7565 7331 6600 5807 5423 5190 4657 4330 4253 3761 3080 2629 2085 1855 1507 978 326 11 1152 5503
32 9826 9485 9473 9230 8910 8264 7617 7258 7191 6500 6175 5708 5246 5102 4613 4357 4231 4086 3965 3567 3370 3053 2450 2109 1913 1796 1459 1086 494 148 2822 4922
27 9825 9531 9229 8497 7690 7478 6990 6457 6220 5745 5397 5076 4903 4655 4426 3764 3393 2991 2388 1782 1655 1226 706 317 1468 2758 9475
28 9824 9395 9015 8589 8333 8192 7919 7720 7383 7204 7173 6699 6091 5847 5592 5088 4761 4495 4151 3794 3086 2722 2454 1787 1293 565 1040 2916
25 9823 8918 8332 7737 7185 6836 6644 6244 5906 5518 4963 4462 4196 3732 3597 2892 2802 2095 1812 1117 694 210 416 2648 6214
31 9821 9568 8960 8860 8441 8281 7938 7203 6905 6405 5751 5639 5212 5117 4592 4412 3859 3745 3380 3011 2683 2336 2035 1784 1471 1075 589 70 395 3772 7297
28 9820 9611 9328 8757 8182 7890 7765 7412 7048 6617 6199 5749 5257 4617 4224 3961 3822 3468 3213 2938 2503 2021 1245 997 337 1109 3265 5984
24 9819 9169 8728 8023 7834 7319 6636 6085 5823 5300 4914 4326 3942 3747 3290 2911 2516 2002 1594 967 388 779 2293 5952
30 9818 9121 8775 8334 8114 7911 7711 7612 7265 7116 6607 6262 6245 5582 5083 4770 4479 4070 3683 3616 3489 3090 2428 1906 1575 752 230 1125 3209 4764
28 9817 9430 9375 9140 8875 8691 8143 7460 7332 6918 6651 6234 5752 5553 5426 4698 4571 4314 4005 3604 3354 2846 2072 1865 1102 270 1197 3452
25 9816 9435 8909 8655 8571 8004 7480 7242 6835 6338 5446 5084 4352 4040 3882 3228 2669 2289 1648 936 390 21 721 2440 4891
28 9815 9615 9275 8961 8594 8356 8105 7949 7475 7087 6898 6367 6131 5607 5187 4956 4272 3717 3671 2781 2314 1845 950 664 36 1717 2933 7148
28 9814 9628 9403 9081 8470 8152 7552 7471 6888 6650 6157 5493 5237 4931 4622 4101 3716 3410 2794 2525 1982 1464 1174 637 143 434 4065 7833
29 9813 9011 8750 8468 8296 7776 7431 7094 6365 5822 5571 4982 4651 4302 3935 3442 3311 3157 2329 1559 1272 1173 838 788 329 289 9 3519 7175
32 9812 9570 9120 8923 8604 8348 8012 7904 7555 7187 6926 6851 6803 6730 6287 5909 5327 5015 4865 4641 4421 4063 3843 3573 2947 2292 1487 1283 824 413 46 2524
26 9811 9295 8752 8010 7652 7334 7015 6677 6493 5848 5718 5329 4708 4456 4000 3577 3126 2529 2424 2245 1522 944 647 265 929 3153
29 9810 9603 9077 8901 8148 7456 7085 6925 6498 6349 5898 5542 5121 4599 4176 3689 3223 3006 2814 2272 2157 1781 1705 981 744 394 244 2418 5195
30 9809 9441 9334 9092 8708 8405 7882 7307 7188 6716 6456 6406 6281 5774 5236 4966 4857 4681 4445 4138 3845 3390 3050 2907 2116 1454 597 177 1999 3005
31 9808 9327 8607 8472 8303 7905 7335 7201 7050 6502 6177 5788 5430 5296 4650 4344 3925 3578 3041 2857 2457 2334 2117 2039 1516 1310 898 560 266 1964 4049
32 9807 9639 9397 8848 8782 8195 7783 7198 7098 6928 6640 6320 5990 5879 5521 5024 4906 4678 4207 3585 3137 2824 2052 1686 1199 972 748 13 906 1554 2614 5673
28 9806 9353 8779 8523 8407 7975 7772 7595 7057 6854 6588 6410 5938 5633 5208 4776 4002 3648 3420 2944 2594 2229 1961 1126 617 676 4801 9106
31 9805 9516 9071 8490 8327 7743 7655 7408 7158 6772 6189 5991 5580 5471 5373 5038 4822 4334 3637 3111 2987 2324 2173 1991 1546 1381 1041 716 40 1067 4660
31 9804 9617 9421 8992 8816 8021 7546 7282 6872 6067 5680 5322 5305 4778 4451 4055 3733 3680 3202 3068 2566 2360 2121 1748 1403 1065 959 478 203 238 4996
29 9803 9546 9323 8880 8639 8316 8191 7569 7154 6960 6513 5663 5598 5283 5003 4670 4059 3850 3318 2687 2188 1951 1639 821 368 81 2209 3832 4433
32 9802 9598 9288 9122 8706 8417 8061 7630 7461 7267 6631 6142 5637 5047 4534 4168 3952 3728 3052 2779 2767 2602 2271 2186 2009 1405 1092 913 298 879 3679 4980
25 9801 9471 8907 8537 8245 7980 7397 6832 6436 5899 5548 5251 4926 4435 4123 3252 2556 1940 1463 1142 585 129 1614 7418 7901
33 9800 9535 9205 8736 8413 7812 7723 7454 7119 6964 6364 5962 5659 5445 5224 5066 4712 4704 4455 4148 3837 3165 2919 2833 2333 1984 1868 1495 1114 556 5 2713 3765
30 9799 9594 9390 9249 9052 8712 8393 7936 7589 7218 6741 6522 5903 5617 5341 5267 5201 4331 3977 3507 2740 2520 1849 1232 1071 567 435 224 2583 6130
28 9798 9391 8977 8392 8274 7968 7443 7012 6753 6393 5869 5227 5137 4780 3699 3218 3140 2587 2326 2068 1445 1064 668 55 1670 2037 4804 5876
27 9797 9593 9260 9047 8698 8432 7948 7603 7499 7072 6290 5491 4972 4812 4309 3426 3372 2974 2416 2162 1841 1026 672 221 817 2198 6423
27 9796 9031 8798 8104 7850 7626 6930 6789 6432 5841 5641 5178 4359 4106 3463 2964 2595 2185 1981 1515 914 425 214 39 1599 3618 5608
27 9795 9410 9161 8560 8326 8089 7521 6653 6264 5813 5176 4626 4497 3950 3846 3499 3251 2931 2320 1793 1562 909 458 77 663 2332 4349
34 9794 9584 9294 9125 8751 8581 8309 8129 7562 7387 7286 7140 6492 5894 5619 5106 4856 4755 4517 4461 3949 3874 3396 3176 2746 2247 1975 1678 1219 965 311 957 3665 5634
28 9793 9540 8963 8762 8196 7700 7549 7350 6841 6584 6528 6095 5773 5578 4837 4577 3865 3484 3141 2956 2538 1873 1427 920 427 381 1590 2599
31 9792 9207 9007 8774 8591 8009 7644 7505 7124 6967 6525 5900 5710 5349 4979 4629 4286 4215 3523 3371 2894 2513 2112 1518 1116 652 186 45 1060 3183 6257
29 9791 9224 8877 8200 8121 7647 7016 6870 6537 6231 5566 5311 4945 4598 4572 3736 3540 3237 2666 2215 2062 1623 1369 900 670 154 436 1704 3911
34 9790 9172 8808 8783 8606 8416 8065 7691 7200 6679 6118 5931 5375 4872 4567 4320 3866 3303 2670 2497 2175 2137 1827 1620 1242 912 524 234 28 1491 2152 4506 6319 7760
29 9789 9348 9107 8735 8080 7803 7704 7558 7171 6783 6294 6022 5509 5369 5205 4542 4140 3691 3286 2837 2318 2199 1588 1345 1006 269 1143 3562 6543
28 9788 9456 9362 9114 8739 8459 7878 7294 6965 6539 5922 5753 5589 5381 5105 4774 4298 3909 3026 2528 1941 1762 1231 430 136 229 1764 7313
31 9787 9508 9273 9251 8587 8483 8145 7897 7343 6863 6691 6011 5502 5289 4889 4278 3904 3762 3337 2789 2541 2359 1990 1832 1363 1020 573 86 152 2734 5147
28 9786 9179 8579 8164 7947 7877 7694 7349 6655 6433 5625 5096 4605 4003 3697 3569 2918 2852 2487 1979 1638 1320 1046 124 227 304 1846 4057
25 9785 9398 9227 9091 8746 8666 7998 7384 7089 6635 6249 5570 5384 5159 4705 4564 3810 3049 2453 1582 1248 833 204 1942 4052
27 9784 9588 9189 8689 8307 7738 7361 6818 6659 6139 5743 5425 4957 4477 4459 4160 3870 3276 2618 2044 1334 1013 754 610 994 2252 6340
33 9783 9634 9418 9154 8968 8440 7751 7176 7035 6665 6376 6125 6086 5871 5328 4985 4640 4504 4022 3670 3194 2681 2097 1997 1790 1651 1170 991 406 134 688 2803 3611
28 9782 9461 9021 8693 8354 8286 7993 7731 7493 7301 6817 6272 6046 5385 5053 4333 3948 3234 2376 2231 2239 1561 1260 1079 408 187 1711 8544
27 9781 9423 8806 8700 8398 8066 7798 7675 7118 6721 6274 5933 5691 5250 4411 3973 3421 2850 2074 1430 1004 877 704 464 2090 3353 7674
29 9780 9499 9447 9292 9210 8993 8793 8269 7575 7053 6548 6449 6252 5616 4961 4386 3811 3427 2904 2393 2227 2203 1894 1569 1428 644 258 1772 5524
29 9779 9396 9259 8941 8038 7520 6949 6745 6626 6233 6164 5969 5723 5579 5272 4835 4536 4015 3802 3091 2653 2402 1998 1747 977 539 282 2452 5324
31 9778 9601 9098 8797 8511 8068 7504 7131 6733 6523 6196 5797 5146 4843 4562 4382 4111 4006 3906 3132 2753 2726 2303 2034 1350 1005 703 492 314 1386 4189
29 9777 9468 8984 8430 8037 7514 7056 6305 5624 5440 5115 5031 4430 4069 3823 3746 3058 2978 2627 2177 1871 1537 1183 865 545 369 52 2649 5371
27 9776 9267 8574 7940 7578 7351 7031 6979 6547 6299 6181 5897 5428 4881 4134 3835 3367 2774 2279 1766 1611 932 764 674 103 1380 6154
28 9775 9562 8955 8374 8153 7746 7591 6859 6556 5748 5505 4983 4578 4098 3692 3315 2626 2267 1970 1806 1299 1112 790 371 131 404 820 4119
30 9774 9339 9127 8996 8360 8132 7696 7432 7110 6856 6628 6463 6304 5623 5043 4825 4736 4533 3650 3478 3092 2623 1804 1724 933 829 559 352 2414 5557
28 9773 9505 9115 8812 8531 8400 8116 7892 7462 7155 6633 6370 6063 5705 5037 4814 4240 3641 3113 2840 2519 2132 1629 801 398 666 2963 5077
29 9772 9177 9042 8790 8673 8415 8115 7757 7379 6825 6368 6216 5820 5339 5157 4969 4621 4271 4042 3445 3032 2426 1695 1536 1122 794 699 602 2863
30 9771 9560 9198 9108 8420 8211 8018 7666 7232 6853 6357 6243 6202 5873 5700 5458 4958 4729 4519 4130 3553 2928 2176 1866 1302 642 323 91 2805 3316
26 9770 9582 8890 8436 8158 7981 7556 7221 6710 6596 6232 5896 5095 4912 4845 4293 3559 3358 2349 1667 1477 787 383 213 3659 5030
27 9769 9184 8820 8427 8100 7327 6622 6383 5987 5321 5240 4684 4132 3795 3411 3343 2831 2193 1966 1674 1077 776 179 90 2554 5954 7609
25 9768 9400 9185 8983 8549 8387 7836 7237 6509 5870 5259 4556 4137 3456 2982 2342 1557 1315 1110 827 118 405 3172 4473 7545
33 9767 9641 9492 9278 8850 8563 7982 7860 7508 7004 6508 6348 6013 5932 5463 4803 4419 4054 3980 3424 2733 2480 2107 2100 1725 1336 1138 590 426 94 1364 3875 6975
26 9766 9472 9026 8339 7512 7290 6850 6759 6702 6337 6149 5727 5235 5058 4292 3893 3723 2902 1944 1542 1309 856 396 223 1187 2417
33 9765 9413 9197 9096 8878 8208 7925 7809 7348 7032 6344 6100 5902 5175 4888 4464 4277 4180 3771 3537 3447 3156 2667 2063 1810 1728 1319 1146 825 510 262 548 3210
31 9764 9341 8821 8364 7927 7524 7252 7074 7043 6788 6412 6002 5920 5393 4785 4080 3770 3473 3403 2908 2750 2651 2622 2431 1778 1384 1089 759 20 3149 8232
30 9763 9619 9575 9374 8773 8456 7768 7717 7183 6740 6605 6474 6041 5689 5055 4887 4631 4328 3914 3703 3458 2871 2136 1593 1356 771 164 1751 2777 4574
25 9762 9152 8566 8091 7605 6970 6819 6173 5804 5409 5232 4316 3957 3787 3204 2727 2415 2077 1637 1341 515 205 1768 3533 4773
32 9761 9479 9034 8972 8844 8614 8157 7997 7531 7177 7027 6624 6230 5656 5562 5510 5161 4827 4394 4162 4089 3498 3029 2073 1457 1243 616 63 1035 2091 3921 6808
29 9760 9113 9010 8950 8787 8391 8081 7469 7196 6595 6437 5887 5732 5361 4586 4250 4144 3657 3414 3059 2348 1992 1498 1292 516 1896 3016 4066 6001
32 9759 9434 8916 8718 8644 8368 8082 7935 7446 7268 6604 6193 5840 5661 5413 5298 4642 4409 4154 3627 3257 3084 2628 2222 1615 1234 911 257 1390 4960 7426 7782
27 9758 9385 9289 9250 8661 8533 8284 7810 7628 7398 6938 6460 5744 5422 4895 4552 4337 3769 3057 2325 1874 1216 189 1734 4543 5160 7828
30 9757 9577 9270 9146 9055 8995 8521 8350 7756 7299 7007 6332 6192 5854 5074 4738 4406 4046 3614 3241 2747 2093 2020 1444 1153 520 401 138 2795 7566
25 9756 9291 9068 8707 7985 7745 7347 7068 6662 5940 5599 5411 4618 4218 3741 3097 2617 2347 1786 1201 651 65 873 3640 7256
31 9755 9406 8952 8486 8199 7951 7664 7311 7029 6997 6780 6629 6395 5985 5669 5547 5291 5040 4590 4149 3854 3624 2738 2549 1761 1324 958 367 25 3302 7590
32 9754 9373 9257 9157 8670 8304 8006 7658 7381 6977 6661 6209 6050 5690 5419 5044 4707 4500 4118 3392 3299 3010 2825 2509 1989 1636 1033 679 608 1100 2607 5889
29 9753 9262 8766 8305 8028 7587 7513 7003 6868 6746 6467 6016 5810 5340 4955 4550 3989 3399 2901 2558 2233 1856 1664 1538 870 456 6 2241 3681
25 9752 9477 9307 8785 8426 7656 7038 6955 6648 6070 5594 5023 4821 4350 4027 3329 2973 2723 2217 1473 998 469 1141 1574 3860
27 9751 9610 9167 8602 8190 7880 7817 7359 6527 6324 5713 5133 4841 4418 4155 3493 2885 2340 2243 1716 1218 843 219 1862 2636 5062 7324
28 9750 9569 9223 8931 8636 8260 7823 7498 6983 6657 5956 5081 4798 4308 3710 3461 2970 2494 2055 1446 1314 836 331 231 1466 1890 3235 7643
30 9749 9242 9044 8717 8054 7420 7214 6728 6583 6029 5811 5543 5377 5304 4545 4378 4370 4001 3635 3215 2955 2379 1839 1697 937 753 339 180 1893 3877
30 9748 9117 8753 8451 8217 7953 7762 7399 7246 6865 6268 5970 5560 5064 4502 4010 3429 2797 2664 2041 1795 1647 1184 1076 973 636 1434 2765 4503 6950
28 9747 9498 9212 8749 8146 7611 7225 6838 6450 6163 5768 5514 5164 4747 4404 3947 3788 3242 2306 1995 1932 1900 1426 1056 757 315 2586 5653
26 9746 9506 8945 8645 8469 7876 7424 6842 6641 6325 5636 5203 4594 3676 3378 2679 2118 1583 1182 775 537 364 934 2223 3361 7047
29 9745 9347 8825 8255 7918 7344 7303 6705 6333 5875 5722 5263 5142 5051 4953 4569 3939 3475 3203 2737 2028 1760 1378 1160 538 409 14 1250 6885
31 9744 9595 8982 8226 7950 7407 7126 7000 6480 6354 6003 5834 5481 5292 4396 4204 3702 3196 2800 2688 2510 2270 1815 1322 1162 467 378 76 2330 3628 7318
26 9743 9538 9326 9039 8883 8512 8076 7996 7671 7554 7130 6909 6308 5911 5100 4566 3862 3500 2910 2307 2226 1887 969 342 839 4904
27 9742 9545 8868 8301 8113 7453 7273 6916 6239 6117 5947 5885 5759 5294 4720 4307 3504 3275 2539 2287 1867 1624 658 588 100 2563 5588
28 9741 9445 9175 9024 8447 8020 7893 7744 7376 6961 6681 6346 5935 5628 5330 4877 4470 3855 3164 2423 2036 1476 1311 731 361 1512 2793 4935
30 9740 9555 9153 8922 8723 8464 7802 7622 7500 7215 6861 6768 6082 5825 5231 4685 4454 3753 3147 2571 2131 1952 1496 1189 1121 486 300 460 3117 7229
30 9739 9436 9285 8938 8807 8394 7786 7632 7485 6921 6586 6317 6124 5929 5439 5010 4299 3960 3314 3107 2838 2374 2250 2007 1668 1262 566 417 2000 5777
30 9737 9463 9330 9164 8803 8193 7585 7129 6512 6109 5693 5523 5317 4844 4460 4444 3879 3226 2741 2477 2027 1699 1093 899 527 133 1113 2870 5919 7678
27 9736 9072 8610 8458 7832 7657 7236 7026 6478 5857 5550 5407 5271 4742 4365 3751 3167 2515 2238 2051 1740 1409 891 488 432 1398 4967
32 9735 9269 8635 8227 7857 7773 7465 7355 6942 6901 6708 6060 5936 5242 4745 4597 4429 4009 3804 3726 3401 3250 3224 2591 2327 2232 1540 963 440 552 4068 7179
31 9734 9534 9389 8756 8692 8529 8046 7779 7161 7036 6995 6720 6399 6350 6076 5565 5035 4679 4410 3453 2775 2260 1276 1150 831 301 328 962 1568 2971 7576
33 9733 9574 9367 9105 8903 8557 8101 7705 7337 7150 6656 6585 6327 6038 5862 5297 4771 4254 3783 3528 3293 2745 2395 1650 1343 1028 786 529 132 724 1024 1817 4122
28 9732 9450 8948 8171 7931 7292 7162 6946 6738 6417 6285 5966 5344 4862 4300 3790 2946 2354 1802 1043 812 646 613 504 445 1737 3636 6669
30 9731 9561 8912 8748 8314 7972 7448 7279 6701 6103 5910 5506 4871 4628 4062 3841 3713 3376 3168 3033 2900 2610 2171 1980 1524 1233 864 622 653 6227
31 9730 9520 8987 8754 8495 8409 7689 7491 7260 6749 6381 6066 5273 4928 4898 4559 4273 4143 3565 3047 2771 2016 1489 1227 892 387 319 1062 3643 5197 5959
27 9729 9103 8455 8240 7895 7274 7104 6775 6577 5949 5766 5488 4787 4413 4087 3826 3398 3007 2346 2129 1533 785 619 101 1205 2921 6430
24 9728 9504 9325 8722 8173 7676 7013 6637 6105 6008 5216 4281 4018 3667 3173 2083 2013 1438 1300 1099 583 259 577 3060
29 9727 9440 8940 8528 8239 8096 7357 7112 6862 6565 6219 6121 5858 5772 5443 5166 4990 4558 4007 3847 3591 3118 2706 2364 2006 1372 830 235 2442
30 9726 9470 9365 8809 8060 7811 7541 7436 6831 6573 5914 5630 5620 5156 4758 4555 4305 3595 3266 3106 2752 2552 2158 1694 1147 930 410 540 1579 4318
28 9725 9616 9559 9129 8871 8352 7868 7797 7534 7151 6505 6250 5776 5280 4383 3654 3437 3054 2712 2081 1789 1513 984 782 572 358 750 4077
34 9724 9261 8893 8768 8355 8238 7974 7730 7435 7190 6821 6654 6531 6411 6048 5310 4950 4866 4120 3905 3375 2763 2749 2266 2187 1885 1580 1268 710 415 276 1049 3236 5645
26 9723 9214 8380 7542 6989 6388 5988 5395 5186 4892 4575 4362 4257 4163 3774 3434 3246 2451 2080 1506 1280 714 87 2772 5454 5955
29 9722 9481 9382 9180 8986 8818 8536 8319 8077 7624 7459 6899 6256 5584 5415 4783 4436 4031 3481 3015 2709 2484 1328 802 521 99 1492 3987 8858
26 9721 9280 8836 8412 8029 7574 7416 7244 6796 6057 5507 4988 4811 4434 3954 3705 3009 2696 2190 1703 1318 941 172 961 2350 3198
29 9720 9532 9043 8235 8035 7450 6771 6551 6039 5342 4911 4607 3974 3913 3483 3449 3077 2881 2434 1870 1486 1323 1144 1008 890 547 1472 2864 6096
26 9719 9340 9283 9008 8526 7753 7329 6709 6574 6359 5819 5331 4874 4269 3633 2984 2237 2170 1548 1304 1001 513 201 1325 2496 4259
30 9718 9346 8989 8845 8137 7831 7661 7189 7093 6937 6593 6301 5961 5308 5120 4675 4030 3664 3469 3175 2990 2481 2070 1683 1523 996 641 18 1365 3169
30 9717 9572 8966 8714 8290 8214 8074 8062 7530 6940 6700 6546 6363 5960 5652 5054 4234 4016 3317 2979 2770 2491 2196 1905 1264 1061 292 1130 3491 6603
28 9716 9417 9247 8832 8716 8674 8222 7417 6752 6422 6360 5989 5799 5391 4997 4833 4348 3944 3796 3379 3115 2644 2411 1917 1098 260 1863 3448
26 9715 9033 8859 8181 7986 7627 7366 6755 6284 5658 5558 5207 5022 4737 4478 4208 3480 2994 2430 1836 1412 1010 437 53 1813 7613
28 9714 9558 9093 8939 8519 8337 8036 7969 7728 7235 6999 6731 6571 6145 5464 5080 4718 4252 3871 3566 3174 2807 2201 1613 828 730 61 1788
28 9713 9451 9132 8811 8443 7963 7380 6747 6295 5551 5153 4842 4580 4385 4113 3780 3583 3335 2949 2256 2164 2029 1618 1306 739 175 1691 7320
29 9712 9489 8951 8761 8390 7973 7752 7181 7024 6966 6787 6288 5827 5006 4544 4210 3791 3253 2458 2075 1937 1823 1456 885 542 34 1124 2715 4067
26 9711 9173 8681 8369 7870 7257 6767 6616 6248 5930 5568 4784 4547 4256 3838 3341 2799 2535 2285 2054 1461 1190 657 67 3878 5233
34 9710 9629 9372 9147 9066 8740 8429 7898 7557 7020 6718 6183 5660 5192 4687 4416 4268 3885 3725 3631 3435 3395 2759 2385 2161 1627 1448 1115 840 591 242 667 3027 6425
26 9709 9487 9090 8892 8622 7944 7724 7419 6994 6802 6291 5763 5449 4864 4442 3682 3450 3284 2796 1696 1063 491 23 910 3632 4474
28 9708 9036 8734 8646 8434 8256 7865 7219 6998 6355 6206 5950 5396 5017 4563 4324 4242 3808 3340 2914 2668 1902 917 433 226 1330 5136 5492
32 9707 9606 9427 9116 8715 8510 8194 8063 7994 7409 7248 6879 6581 6526 5765 5511 5082 4401 4121 3673 3129 2721 2421 1931 1713 1274 1228 690 274 178 422 4398
23 9706 9352 8976 8609 8448 8180 7598 6948 6156 5782 5420 4772 4476 3993 3416 2656 1903 1602 1308 715 239 188 5370
36 9705 9444 9085 8664 8253 7867 7442 7096 6958 6408 6255 6200 6136 6006 5442 5125 4620 4251 4126 3527 3280 3162 3028 2941 2868 2392 2257 1709 1375 768 50 144 719 1111 1465 4805
29 9704 9038 8668 8590 8127 7854 7076 7008 6786 6380 5978 5461 5020 4847 4715 4663 3864 3269 2866 2536 2492 1888 1617 1436 733 160 2479 5939 8424
33 9703 9453 9150 8709 8043 7729 7573 7413 7106 6643 6559 6345 5982 5540 5091 4781 4360 4043 3596 3355 2899 2483 2206 1934 1571 1149 809 414 71 593 1539 2570 3991
27 9702 9642 8965 8322 7785 7684 7476 7090 6830 6461 6402 5828 5357 4995 4724 4133 3412 2490 2302 2031 1642 1402 471 116 773 3181 9053
29 9701 9399 8954 8665 8247 8042 7641 7341 6985 6698 6339 6098 5489 5323 5225 4667 4363 4023 3813 3552 3197 2697 2025 1132 1032 105 780 4494 8450
30 9700 9408 8866 8685 8328 7984 7604 7328 6785 6331 5934 5451 5138 5065 4692 4498 4216 3852 3621 3191 2867 2361 1948 1295 1097 905 316 117 1959 4214
31 9699 9564 9244 9027 8865 8704 8278 8034 7685 7386 6978 6642 6321 6146 5561 5154 4971 4846 4414 3652 3214 3008 2387 2122 1830 1432 882 245 1818 3937 5832
32 9698 9415 9201 8678 8577 7929 7727 7340 7230 6667 6271 5559 5001 4933 4896 4450 4156 3964 3711 3255 2906 2818 2647 2373 1581 1181 107 534 1179 2830 4390 5097
27 9697 9302 8729 7790 7025 6713 6213 5539 5165 4975 4743 4656 4125 3613 3139 2707 2433 2236 1731 1074 470 308 156 1573 2399 2996 5535
32 9696 9632 9364 9054 8562 8107 8075 7433 6881 6481 6352 6017 5672 5226 4948 4557 4304 3999 3918 3532 3170 2574 2543 1879 1672 1383 1119 1044 623 167 3042 8172
25 9695 9443 9252 8843 8515 8383 8109 7774 7223 6484 6106 5485 4893 4727 4213 3758 3101 2663 2022 1172 793 15 1753 5756 6557
30 9694 9368 9124 8695 8406 8271 8015 7511 7114 6769 6560 6026 5495 4901 4823 4682 4212 3861 3095 2532 2214 1801 1321 1082 986 581 206 654 1926 5206
33 9693 9314 9035 8487 8142 7519 7458 7069 6259 6083 5667 5333 5222 5126 4964 4750 4525 4289 4064 3576 3035 2932 2590 1916 1708 1458 826 720 370 158 2854 4447 8854
32 9692 9527 9392 9181 9016 8453 8363 7665 7253 6824 6606 5883 5646 5448 5048 4851 4654 4275 3786 3292 3017 2699 2568 2391 1669 1194 459 327 928 4260 4951 5555
31 9691 9458 9061 8934 8494 8117 7758 7515 7401 6840 6318 6155 5655 5255 4890 4408 4092 4020 3364 2788 2655 2500 2262 1923 1353 946 751 648 283 68 3216
32 9690 9620 9228 8919 8550 8209 7954 7835 7142 7075 6903 6266 5890 5758 5681 5470 4853 4756 4296 3959 3490 3321 2999 2700 2104 2008 1470 897 763 305 811 5801
27 9689 9464 9080 8971 8699 8366 8058 7784 7687 6986 6501 6237 5874 5360 4399 4258 3381 3109 2744 2643 2115 1510 924 575 360 35 2335
25 9688 9144 8759 8522 8084 7415 7240 6649 6144 5591 5194 4790 4600 4311 3626 3038 2561 2218 1838 1371 1209 546 82 1387 6570
25 9687 9536 9020 8831 8586 8135 7206 6849 6766 6750 6071 5632 5151 4665 4484 4029 3368 2680 2211 1576 1068 743 665 3076 4170
31 9686 9469 9265 8767 8568 8478 8234 7640 7449 7134 6703 6627 6316 5826 5398 4813 4636 4267 3994 3477 3185 3073 2806 2425 2019 1349 1167 859 332 656 2139
28 9685 9578 9160 8879 8167 7788 7127 6877 6550 6276 6170 5678 4925 4861 4587 4368 4249 3917 3615 3045 2088 1758 1270 947 171 1241 4501 5846
33 9684 9495 9135 8823 8439 8349 8216 7861 7516 7298 6971 6300 6107 5779 5270 4939 4779 4488 4294 4093 3943 3642 3352 2682 2315 1736 1108 983 454 151 2150 3656 8220
28 9683 9360 9060 8694 8633 8071 7777 7146 6689 6303 5843 5293 5228 4873 4680 4339 4174 3428 3127 2352 1673 1316 1217 501 397 698 2140 6440
27 9682 9222 8509 8053 7715 7111 6693 6545 6123 5400 5107 4625 4187 3901 3495 3088 2708 2619 2178 1798 1419 1083 803 499 98 2813 5798
29 9681 9462 8747 8628 8345 8219 7702 7077 6880 6420 6208 5612 5351 5141 4762 4116 3748 3686 2917 2742 1872 1479 587 531 392 140 1429 4107 9151
24 9680 9333 8583 8300 7855 7490 6773 6224 5844 5501 5337 5016 4048 3809 3547 3134 2704 2313 1633 1045 620 483 736 5703
29 9679 9521 9049 8862 8584 7807 7497 7195 6806 6158 5977 5892 5629 4832 4526 4354 4227 3848 3678 3143 2948 2499 1947 1727 1081 355 1191 3187 6261
30 9678 9554 9517 9366 8964 8575 8215 7677 7392 7317 7275 7084 6719 6054 5650 5549 5217 5067 4672 4369 3892 3377 2729 1681 1567 1344 737 357 1408 6671
31 9677 9514 8920 8647 8445 8069 7873 7470 7121 6735 6336 6040 5593 5356 4730 4639 3966 3740 3243 2630 2294 2172 1729 1118 808 453 320 377 1278 3476 6668
31 9676 9596 9515 9320 9209 9000 8726 8131 7989 7841 7660 7289 7247 6810 6310 5606 5359 4532 4211 4075 3136 2692 2341 2030 1654 1193 888 202 1965 3260 4466
27 9675 9276 8727 8315 7956 7145 6815 6112 5534 5169 5099 4405 4058 3388 3309 3154 2429 2056 1988 1939 1645 1050 237 874 1842 2954 7245
31 9674 9213 8917 8672 8017 7673 7202 6828 6389 6270 5686 5346 4549 4082 3930 3526 3356 3037 3001 2930 1935 1792 1333 858 592 310 1271 3660 4765 5771 7883
24 9673 9067 8640 8118 8013 7528 7005 6514 6452 6169 5574 5199 4739 4482 3923 3397 2410 1622 1598 615 79 2823 4671 8039
29 9672 9337 9074 8802 8462 7750 7062 6869 6496 6037 5605 4991 4850 4826 4723 4329 4263 4199 3805 3441 3112 2915 2319 2026 1610 1351 1073 85 2182
24 9671 9466 8949 8600 8249 7719 7295 7028 6451 6247 5882 5306 4694 3768 3205 2703 2511 2127 1632 1420 921 325 457 3775
24 9669 9221 9004 8389 8251 7795 7269 6969 6784 5975 5575 4968 4287 3544 2821 2419 1936 1564 1453 834 277 57 2472 5209
28 9668 9556 9192 8778 8299 7992 7933 7615 7046 6275 5737 5353 5200 4733 4553 4136 3958 3407 2965 2235 1918 1701 1136 580 44 1175 4060 5613
30 9667 9350 9220 9087 8926 8853 8520 8259 7978 7701 7002 6725 6093 6012 5447 5282 4548 4345 3984 3820 3509 2732 2465 2168 1880 1439 761 272 2098 3873
27 9666 9526 9073 8905 8667 8184 7872 7339 6919 6645 6314 5917 5538 5312 4976 4147 3545 2986 2798 2356 1904 1480 1154 324 993 3044 6190
24 9665 9635 9095 8476 7606 7285 6729 6334 5983 5783 5171 4310 4178 3916 3304 2893 2084 1604 893 285 12 1587 2836 3919
24 9664 9171 8703 8237 7695 7363 6684 6323 5861 5277 5090 4530 4112 3462 3229 2877 2705 2309 1393 1084 438 125 309 2135
29 9663 9315 9102 8502 8317 7838 7620 7160 6953 6506 5704 5223 5152 4942 4448 4047 3789 3245 2898 2489 2321 1977 1222 927 774 561 447 551 5213
29 9662 9393 8784 8324 8161 7958 7818 7619 7333 6782 6201 6075 5796 5427 5173 4973 4595 4164 3663 2518 2114 2076 2023 1820 1413 569 1285 4467 7735
26 9661 9357 8953 8830 8467 8056 7820 7135 6711 6358 6179 5824 5394 4992 4400 4085 3910 3431 3034 2160 1485 813 302 32 601 1595
28 9660 9235 8870 8612 8500 7703 7425 6592 6315 5803 5128 5050 4658 4440 3962 3649 3232 2801 2032 1693 1374 1298 709 442 1140 2365 4246 8598
33 9659 9159 9069 8713 8401 8343 8270 7916 7540 7071 6917 6765 6009 5888 5456 5070 4537 3830 3588 3451 3159 2943 2819 2791 2277 1955 1317 943 296 330 3064 4322 5973
26 9658 9541 9448 8833 7912 7440 6792 6598 6134 5853 5746 5265 5079 4659 4508 3853 2844 2363 1986 1630 1239 872 595 74 2297 4830
26 9657 9625 9195 8679 8266 7845 7389 7276 6805 6561 6092 5802 5368 5244 4683 4247 3778 3587 2967 2355 1545 1358 1188 541 110 2766
28 9656 9137 8908 8297 7991 7726 7365 7194 6542 5808 5219 4637 4261 3653 3467 3283 2782 2609 2166 2089 1723 1451 1361 971 605 382 1066 5475
25 9655 9614 9542 9199 8864 8711 8362 8189 7291 6893 6384 6159 5355 5196 4531 4079 3267 2768 2283 1930 1289 781 199 1030 3883
25 9654 9187 8541 8027 7159 6715 6482 6030 5924 5781 5214 4666 4499 4045 3897 3325 2887 2372 2087 1411 1163 861 609 7 1779
28 9653 9378 8991 8559 8359 8166 7680 7045 6446 6116 5733 5389 4880 4541 3996 3793 3433 2952 2684 2443 1962 1584 1263 805 307 570 3496 6683
26 9652 9331 8660 8482 7814 7484 7261 7115 6567 6031 5715 4867 4384 4019 3556 3151 2748 2544 2071 1497 1238 675 216 89 2995 5336
31 9651 9428 8921 8463 8041 7474 7310 6441 6090 5818 5666 5168 4863 4573 4186 3824 3485 3244 2926 2522 2310 2134 1857 1443 1269 1023 428 1220 2698 3288 7277
23 9650 9332 9018 8243 7623 7067 6563 6094 5996 5554 4915 4699 4336 3773 3195 3110 2530 2120 1335 756 443 2550 3155
26 9649 9600 9412 9268 8822 8485 7679 7212 6915 6675 6439 5855 5348 5145 4647 3792 3282 3081 2665 2282 2043 1853 1058 166 1025 3701
31 9648 9503 9006 8446 8396 8187 8016 7607 6882 6664 6241 6203 5865 5269 5170 4673 4321 4095 3568 3046 2611 2367 2181 1722 1551 1259 1055 650 896 2202 5967
28 9647 9480 9131 8572 8357 8026 7430 7034 6887 6717 6180 6010 5670 5144 5005 4596 4185 3554 3124 2896 2598 2246 1652 999 640 127 1560 4759
27 9646 9419 9078 8517 8373 7829 7560 6974 6511 6238 5729 5204 4902 4276 3990 3619 3386 2829 2743 1996 1206 868 686 165 915 1556 3575
27 9645 9286 8625 8532 7792 7405 7222 6827 6431 5912 5437 4869 4810 4608 3887 3529 3259 2495 2301 1901 1251 951 379 253 625 1425 3781
29 9644 9386 8988 8789 8233 7881 7638 7538 7156 6941 6707 6375 6000 5382 4775 4150 3730 3382 3030 2462 2130 1759 1450 732 38 626 3075 6497 7653
