4 281 231 165 181
2 161 204
3 228 15 42
2 296 63
2 209 244
3 206 220 144
3 256 117 141
3 193 260 131
2 290 143
4 93 235 69 48
3 13 2 282
2 95 243
4 278 72 145 275
3 35 202 274
4 149 299 157 32
4 224 263 239 258
3 266 241 10
2 123 106
2 127 178
3 61 73 245
4 113 90 52 135
2 201 293
2 14 249
3 3 207 188
4 30 183 31 236
2 250 180
3 170 8 37
3 132 191 119
2 196 155
3 252 279 221
3 177 292 298
4 192 130 234 74
4 45 176 187 223
4 175 92 53 116
2 59 89
4 7 164 134 41
3 136 198 261
4 215 286 103 257
3 0 225 185
2 75 287
2 140 16
4 248 6 270 81
2 58 111
2 27 216
3 105 137 77
3 82 237 269
3 273 229 85
8 24 255 34 118 268 56 38 169
3 186 51 104
2 121 18
3 108 124 217
4 139 76 57 166
3 152 247 46
5 182 65 17 22 297
2 214 197
2 233 33
3 109 203 112
3 283 295 280
3 44 158 1
3 173 128 142
2 107 96
2 67 19
4 146 291 28 232
3 115 174 205
2 242 25
2 294 162
3 60 40 54
2 163 259
3 238 80 114
3 227 289 11
2 68 213
3 148 36 49
2 78 219
3 171 240 88
3 21 71 226
2 101 47
4 189 87 9 267
3 62 20 110
3 66 168 12
3 55 284 212
4 230 153 99 50
2 98 83
5 172 100 29 147 200
3 218 262 84
3 167 194 190
3 265 246 102
2 272 97
6 122 120 64 199 125 138
2 156 23
4 91 159 211 179
2 133 151
3 26 70 94
3 5 126 264
3 154 253 150
3 210 79 271
3 222 43 208
4 39 86 4 195
3 129 160 285
4 277 254 251 276
2 288 184
