4 299 194 148 15
3 298 140 167
4 297 139 51 2
2 296 59
2 295 112
2 294 107
2 293 40
4 292 122 105 180
4 291 187 161 4
3 290 81 216
3 289 113 3
2 288 57
4 287 132 55 54
4 286 193 176 103
2 285 63
2 284 94
2 283 135
3 282 56 22
4 281 120 46 35
4 280 188 129 60
3 279 164 83
4 278 178 88 12
3 277 138 28
2 276 111
4 275 170 24 13
3 274 173 114
3 273 115 92
2 272 74
2 271 19
5 270 195 157 77 33
3 269 155 25
4 268 186 144 48
3 267 189 121
3 266 128 61
2 265 37
4 264 171 91 1
3 263 190 95
3 262 149 47
4 261 163 87 179
3 260 90 26
2 259 21
3 258 76 65
3 257 97 221
2 256 42
4 255 175 147 80
4 254 172 153 44
3 253 185 14
3 252 134 82
4 251 166 154 6
2 250 141
2 249 96
3 248 158 70
6 247 165 118 86 64 29
4 246 182 124 30
2 245 101
3 244 84 16
3 243 66 58
3 242 17 7
2 241 119
3 240 136 32
3 239 150 31
3 238 160 50
2 237 131
3 236 133 18
2 235 156
2 233 98
4 232 159 53 43
5 231 191 174 72 234
3 230 181 10
5 229 183 168 102 36
2 228 126
3 227 146 23
2 226 104
3 225 177 73
3 224 100 68
3 223 99 85
4 222 196 52 8
3 220 169 127
2 219 75
3 218 137 49
3 217 123 34
3 215 143 11
3 214 93 62
1 213
2 212 67
4 211 184 130 79
4 210 162 38 0
3 209 125 9
3 208 110 39
3 207 109 41
2 206 89
2 205 78
3 204 108 27
2 203 106
3 202 142 20
2 201 69
2 200 152
4 199 192 151 5
4 198 145 45 116
3 197 117 71
