22 9999 8643 8275 7860 7668 7225 6923 6753 2664 2129 1795 1125 1039 841 695 312 862 1494 2160 2975 4428 7929
29 9998 9197 8820 8260 7838 7722 7351 6953 6593 6343 6077 5801 5308 5170 4938 4523 3274 3115 3045 2786 2534 2049 1468 1059 446 1170 1794 3616 4630
34 9997 9117 8638 8419 8235 7889 4788 7093 6802 6448 6297 5774 5566 5534 5365 4835 4340 3769 2900 3393 2822 2188 1989 1853 1345 1270 1130 690 130 677 897 1365 3546 5717
35 9996 9213 9099 8816 8519 8296 8093 7968 7567 7479 7101 6617 6207 5389 5288 5030 2787 4458 4306 2551 3408 2938 2829 2739 2287 1760 1230 848 83 429 184 461 1580 2518 4720
24 9995 9548 8858 8554 8234 8041 7759 7514 7282 6955 6610 4492 3728 3137 2607 2447 1958 1827 1477 1025 441 849 2748 4421
30 9994 9537 9282 8962 8528 8197 7945 7573 7440 7203 6872 6735 6065 5689 5293 4851 4532 4040 3573 3551 3150 2898 2643 1458 2138 1868 1285 205 977 3445
26 9993 9466 9130 8675 8426 8010 7483 6606 6229 5784 5637 5122 4915 4407 4144 3561 3429 2946 2526 2336 2028 1849 958 609 895 1880
25 9992 9545 9416 9209 8864 8454 8192 5275 5107 4795 4738 4486 4181 3218 2947 1872 2201 1895 1210 1049 314 541 1121 1723 3104
35 9991 9312 9108 8760 8415 8259 7879 7580 7418 7333 7047 6637 6364 6254 6080 5870 5558 5427 5140 3116 3734 3622 3558 3077 2985 2674 2572 2064 1368 1064 341 457 3160 4246 6662
24 9990 9354 9159 8716 8327 8121 7604 7486 7317 7001 6762 6038 5670 5344 4700 4326 3879 3650 2747 1882 946 137 3424 5480
19 9989 9202 8940 8330 6098 5780 3327 2794 2411 1446 803 237 95 830 1644 2260 3038 4233 5649
22 9988 9526 9369 9066 8788 6408 6087 5662 5109 4828 1863 4175 3495 3297 2493 2252 2194 1706 143 1273 3596 6002
17 9987 9317 8960 8824 5118 4667 4456 4269 3844 3222 2650 2461 1786 1204 391 307 311
35 9986 8925 8865 8756 8408 8166 8092 7841 7610 7095 6756 6338 6323 3572 5690 5274 5136 4653 4472 4069 3404 2988 2878 2700 2475 2050 1457 887 333 423 1117 1686 2296 4250 8708
30 9985 8641 8172 7822 7698 7571 7377 7137 6906 6785 6545 6136 5938 5800 5688 5357 4629 3897 3736 3209 2616 2407 1759 1068 740 557 331 60 147 1143
27 9984 9299 8823 8634 8462 8369 8113 7593 7451 7288 6902 6609 6516 6121 5737 5317 4493 3714 3231 2867 2428 1753 1287 771 573 165 1376
16 9983 9564 9318 9114 8986 8374 7869 7678 4429 4139 3819 3532 3207 2570 3410 5006
18 9982 9592 9377 5926 5619 5333 5065 4914 4463 4123 3494 2977 1940 1060 334 578 2436 5698
21 9981 9538 9347 8977 8742 8587 1833 7810 7559 7332 7113 6192 6032 5555 5342 5092 4709 3889 3287 3214 2887
27 9980 9462 8656 8474 8372 8282 8027 7731 7303 7117 6970 6793 6221 5895 5379 4997 417 3807 4133 3695 3400 3126 2936 2358 2010 1719 1555
28 9979 9363 8822 8242 7940 7208 7053 6481 6084 5901 5786 5453 3462 5077 4904 4515 4396 4215 4043 3278 2502 1456 745 181 428 1869 3583 8292
31 9978 9220 8739 8219 8117 7888 7695 7447 3667 7165 6721 6373 6164 5847 5334 4766 4330 4127 3386 3165 2793 2225 1680 1495 899 406 136 196 1496 2720 4184
19 9977 9251 6543 6007 5878 5578 2644 2392 1903 1826 959 954 587 335 37 832 1455 2209 4309
20 9975 9461 9068 8625 8332 7939 7795 7675 7340 6889 6248 5819 5336 5041 4793 360 1100 2126 4016 6110
18 9974 9542 8994 7146 6501 6015 5417 5093 4930 4714 4518 4441 4001 3593 2320 2763 2222 1067
31 9973 9246 8884 8622 8072 7686 7299 7083 6966 6392 6257 6035 1908 5217 4924 4418 4171 3970 3628 3479 3419 2895 2648 2292 1858 1225 371 286 1166 2652 5324
31 9972 9532 9332 9224 9138 8387 7955 7812 7673 7210 6716 1593 6264 5838 5589 4883 4655 4335 3846 3466 3081 2457 2054 1641 1116 900 591 438 1200 1762 3368
27 9971 9515 4291 6524 6397 5789 5515 5399 5327 4943 2663 4351 3882 3649 3290 2994 2666 2211 1861 501 1217 788 199 1369 2963 3544 7109
27 9970 9333 8931 8476 8145 8090 7781 7586 7326 7222 6974 6426 6028 5639 5023 4777 4394 4077 2473 3255 2835 2435 1541 1442 25 2566 4624
20 9969 9561 9147 8606 7815 7183 6842 6769 6245 5653 5102 4909 4680 4271 3220 3718 3145 1956 3869 6794
30 9968 9510 9514 9230 4637 7040 8195 7811 7295 6818 6608 6394 6322 5770 5541 5182 5004 4690 4385 3764 3330 1947 1750 1578 1290 917 717 113 1169 2384
30 9967 9383 9200 9072 8345 7943 7548 7405 7314 6644 6079 5949 5469 5133 4908 4760 4513 4245 3782 3345 2804 2761 2374 1921 1333 370 247 1045 1685 5970
24 9966 9019 6758 6512 6108 5736 5301 5152 4553 4424 4148 3673 3505 990 2688 2550 2073 1851 1648 1268 756 175 921 3051
13 9965 9367 8958 8213 957 7575 4013 3813 3353 3121 2757 2445 6607
25 9964 9266 8837 297 7849 5902 7450 6898 6486 6358 6293 5597 5011 4654 4298 3859 3570 2959 2415 1051 1400 424 586 1302 2523
26 9963 9452 8997 8768 8431 7959 7655 292 5601 5326 4784 4577 4085 3930 3723 3310 2875 2575 2195 1842 878 467 277 1222 1735 3580
18 9962 9414 9329 9043 8720 1866 7696 7498 7028 6602 6137 5903 1055 648 5 1537 3938 6039
33 9961 9248 9126 8902 8317 8190 7829 7646 7378 7181 6837 6714 6493 3575 6246 6128 5866 5696 2690 4961 4573 3082 3529 3268 2834 2498 1934 1473 746 293 821 1267 3409
20 9960 9208 9045 8914 8399 8089 7918 7543 7382 7175 6894 6284 5946 5564 5376 4613 4603 4045 3902 2591
29 9959 9525 9306 9015 8658 8232 8126 7727 7302 7166 6971 6876 6770 6583 4419 3476 546 2691 2264 1799 1484 860 228 104 395 1248 1955 3263 5572
24 9958 9321 8750 8473 7844 7184 6892 6540 5955 5608 3191 984 4103 3978 3681 3159 2627 2086 1832 1498 1088 16 1305 1959
23 9957 9366 8936 8358 8028 7235 6813 6320 5720 5674 5232 4739 4565 4222 4017 3581 3344 2926 2410 2013 1727 1398 1000
30 9956 9491 9183 8920 8801 8465 8204 7546 7037 6415 6286 6060 5434 5240 5057 4841 4790 4549 4276 4086 3808 3528 3084 2672 2258 1718 1506 1041 324 1178
12 9955 9533 8854 8672 8142 7779 5661 5263 1276 4887 4546 5721
20 9954 6154 5728 5547 5330 4808 4198 1565 3125 2597 2205 2040 1711 1554 682 362 1348 1693 3249 5491
29 9953 9575 9207 9116 8856 8557 8177 7891 6937 6742 6651 6473 6020 5656 5462 5206 4932 4452 4361 3267 2972 2636 2329 1769 1132 186 315 1768 4098
22 9952 9243 9079 8729 8301 8240 7609 6834 4582 4218 161 3443 3228 2820 2308 1038 884 606 1168 2009 6689 9752
28 9951 9558 9280 9017 8706 8481 7911 7439 7195 6594 6179 6101 5806 5742 3873 3768 3392 3094 2772 2380 1793 1396 800 232 64 326 1436 3090
34 9950 9567 9053 8602 8308 8168 8096 7987 7714 554 7301 7258 6992 6922 6519 6317 699 5996 5961 5482 2717 3535 3152 2958 2789 2220 2243 1429 857 1448 898 96 852 3773
30 9949 9228 8933 8504 8271 7880 7533 7172 6990 6730 6547 5857 5628 5249 5167 4810 3848 3162 2874 2843 2503 2080 1805 1274 795 443 216 1900 3058 4115
28 9948 9446 9284 8851 8320 8085 7790 7435 7212 6932 6521 5844 5442 2782 4830 3969 3753 3441 2877 2398 2192 1579 762 342 1257 1943 3215 7005
22 9947 9553 9170 8679 7740 7628 7334 6888 6745 4952 1386 4258 3749 3251 3061 2224 2089 1709 798 1335 2559 3333
28 9946 9290 8841 4842 8141 7755 7689 7627 7102 6570 6417 6025 5877 5340 4921 4610 4289 3964 3130 369 2332 1837 1295 845 383 141 1978 9003
22 9945 9264 8830 1888 7773 5097 1797 4251 3896 3633 2803 2614 2474 1690 1115 512 139 485 595 1697 4601 6654
30 9944 9579 8061 7488 7073 6886 6482 6063 5836 5483 5178 4674 4558 4382 4257 3993 3765 3454 2891 2713 2350 1909 1525 731 401 34 1324 2314 2714 5214
28 9943 9050 8637 8576 8098 7858 7562 7330 6712 6600 5449 5366 4995 4578 4334 4105 3917 3346 3250 2819 2202 1539 991 94 533 2429 3188 7861
27 9942 9529 9225 8766 8662 8239 7607 7226 6833 6771 6509 5853 5746 5561 2235 4861 4684 4636 3872 3731 3028 1675 1394 707 254 1508 3199
33 9941 9426 9277 8974 8681 8427 8258 7856 7615 7292 7105 6999 6530 6146 5686 5314 2440 4652 4345 3772 3671 3332 3201 3123 2863 2693 1659 805 112 387 1245 2178 6263
27 9940 9411 9144 9049 7519 6774 6542 6300 5888 5718 5446 5163 5052 4662 4510 3913 3724 3678 3373 3216 508 2342 1600 1262 638 243 1319
22 9939 9279 9013 8697 8487 8107 7549 7457 7016 6773 6324 5963 5705 5039 4812 4217 4046 3806 3690 3164 2866 1269
22 9938 9528 8694 8326 7544 7219 6924 6743 4387 6267 5951 5830 4196 5046 4868 2090 2063 1301 813 483 1233 2147
25 9937 9574 9331 9027 3549 8478 8151 7937 7658 7043 6777 6624 6270 6069 5778 5538 5416 5019 4622 4125 3838 3473 3179 2476 1545
27 9936 9587 9203 9089 8678 8186 7938 7674 7387 6896 6709 6383 6256 5713 5640 5310 5147 4367 3923 3785 3401 3372 3039 2668 2022 1677 1344
28 9935 9240 8964 8574 8397 7534 6741 6474 6157 5754 5407 5320 4827 4600 4065 2564 2149 1966 1661 1153 574 100 716 1491 1651 4109 4910 7862
16 9934 9468 9311 9151 8687 8281 7809 1181 3022 4607 4360 4138 616 246 273 666
26 9933 9086 9034 8688 8573 8187 7905 7700 7250 6764 6628 6407 6208 5319 933 4645 4167 3841 3715 3417 3096 2756 2408 2177 2653 6135
29 9932 9495 8845 8198 7977 7769 4586 6975 6810 6589 6326 6105 5989 1421 4976 4552 4399 4339 66 3503 2240 2218 1967 1590 904 188 1227 1949 6767
20 9931 9591 9375 9062 8548 8228 8123 7966 7785 7542 7386 7045 6910 6203 5886 2897 2540 2111 1599 1022
29 9930 9338 8737 8495 8170 7651 7276 7029 5858 6043 5763 5253 5159 4776 4626 4157 3699 2996 2818 2544 2151 1798 1639 1161 894 1062 1627 3375 7013
26 9929 9029 8549 8011 7616 7569 7394 7198 6579 6539 6232 5911 5755 5503 5231 4954 4691 4210 3691 1733 3288 725 505 477 1992 6901
32 9928 9516 9188 9002 8577 8543 8361 8201 7654 7398 7171 6933 6733 6569 6273 6170 5592 5532 5044 3114 4270 3973 3437 3187 2759 1952 1790 1379 939 705 411 364
16 9927 5008 4338 4130 4000 3352 3171 2733 2513 2395 2283 1540 1120 948 255 1206
31 9926 9493 9028 8771 8433 7420 6948 6634 6163 6085 5709 5477 5339 5029 4846 4294 3907 3653 3306 3139 2991 2509 1801 1510 1300 735 399 140 902 2771 4029
17 9925 6571 6234 6050 5965 5750 5414 5043 4858 4479 4019 3683 3556 3379 3098 2712 2346
25 9924 9096 9054 8630 8547 8404 8134 8000 5972 5851 5201 4825 4391 4204 3626 3516 2624 2144 1481 274 158 27 442 2181 3381
18 9923 9472 9386 9090 8334 7729 7354 7110 2302 1712 1072 927 778 316 212 2377 3821 7227
30 9922 9456 8805 8324 8277 7919 7507 7275 6619 6431 5960 5536 5088 4672 4093 3663 3509 3363 2743 2396 2315 1607 1371 703 299 200 1101 1215 2571 3740
28 9921 8749 8384 7994 7502 7257 7089 6926 6821 6559 6205 6019 5570 4990 4585 4444 4366 3809 2890 2501 2125 1147 796 413 65 1250 1884 2774
28 9920 8745 8257 7980 7620 7508 7372 7123 6903 6546 6505 6365 5730 5302 5153 4893 4779 4191 3316 3286 3229 2609 2034 1575 1202 932 496 180
21 9919 9187 8843 8368 8185 8081 7629 7287 7164 6725 6190 2266 1839 1351 824 526 214 119 318 3036 6663
25 9918 9489 8076 7969 7741 7297 6929 6554 6197 4507 4969 4866 4774 3992 3508 2444 1876 1604 988 449 103 377 2077 2641 3453
23 9917 9494 9185 8976 8639 8560 8505 8070 7280 6591 4132 3853 704 3064 2851 1931 1310 757 724 204 474 3068 5868
19 9916 9477 9135 8586 8184 5645 5388 5204 5054 4604 1266 2039 1780 995 659 1684 2386 2784 3232
27 9915 9365 9046 8633 8104 3527 7132 6825 6078 5665 5398 5286 4965 4468 3904 3489 3143 2525 2130 1983 1337 962 80 1557 1784 2626 2944
27 9914 7441 7296 6797 6702 6504 6413 6107 5834 5362 5042 4865 4718 4415 3762 3427 2907 2322 2169 2001 1507 1488 1042 226 945 1564 3906
25 9912 9324 8855 8673 8371 8223 8064 7565 7284 4919 4740 4723 4470 3698 3515 1643 2439 1906 1522 1031 754 432 1232 2173 6706
28 9911 9417 9191 8779 8590 8241 7931 7558 7126 6848 6457 6401 6209 6090 3511 3303 2873 2557 1974 1807 355 1006 668 302 328 1046 3666 5990
22 9910 7436 6951 6577 6236 6096 5734 5123 4864 4611 4280 3810 3070 2969 2562 2326 1702 1035 30 671 874 2754
31 9909 9271 8993 8861 8608 8225 8059 7852 7681 7603 7412 7323 7240 6956 6875 6460 6106 5779 5571 5296 4434 4292 3886 3751 2479 883 1707 1075 684 867 3910
16 9908 9269 9042 8493 7885 7583 7353 7144 6993 6720 6279 3202 20 187 1476 2881
31 9907 9438 9184 8565 8005 7978 7487 7217 7130 6699 6145 5753 5386 5051 4822 4496 3922 3606 3500 3173 2574 2300 1452 1205 814 339 646 896 1106 1804 3147
29 9906 9342 9065 8545 8338 8280 8034 7842 7384 7281 7204 7011 6661 6306 5816 5403 5190 4837 4831 4571 4331 4113 3766 3301 2968 2487 1743 1451 1027
33 9905 9578 8990 5235 8455 8351 8144 7989 7493 7359 7169 7050 6429 6230 5900 5485 5094 4533 4213 3920 3725 3474 2578 3071 2632 2369 1710 1740 1497 1388 889 288 1246
28 9904 9308 9143 8664 8379 8015 7748 7579 7006 6803 6555 6193 6014 5609 5353 5276 5132 4773 4185 4091 3778 2932 2628 2348 1915 1359 680 768
25 9903 9136 8877 8513 8244 7518 7068 6351 4455 5842 5264 4960 4770 4380 3774 2728 2347 1898 893 1434 1083 589 1160 3024 4435
18 9902 9552 9107 8979 8826 8693 8306 4707 4524 4304 4118 3894 3860 3631 3335 3234 2798 2430
17 9901 9177 8848 8348 7634 7202 6865 6580 6158 5585 3510 5101 4818 1133 1037 2426 5598
31 9900 4618 9305 9100 8463 8206 7776 7719 7345 7103 6890 6740 6075 5556 4963 4584 3924 3761 3674 3436 3295 3237 2860 2608 1961 1454 1149 614 435 2207 3936
24 9899 9181 8903 8508 7973 7724 7554 7385 7154 6731 6435 6058 5771 5463 5055 4806 4762 4224 3709 73 1637 2442 4050 4781
24 9898 9355 9059 8909 8420 8135 7878 7379 419 5978 5650 5211 4606 2333 3799 3702 2931 2391 2310 1636 1093 569 19 384
22 9897 8945 8571 6398 6261 5962 5528 5375 5063 4642 4484 4433 3794 3240 2935 2471 2093 1645 879 672 1352 2418
29 9896 9320 9272 9082 8629 8445 8143 7982 7751 7501 6840 6349 5850 5422 5348 4751 4129 4018 3890 3053 3014 2420 2197 1744 1012 912 305 549 5466
20 9895 9198 8825 8343 7961 7789 7319 6799 6668 6395 6362 5807 5511 5368 5261 5059 1562 270 105 1778
29 9894 9141 8941 8832 8520 7814 7661 7336 7190 6864 6531 6186 5927 2422 5577 5241 4782 4431 3876 3700 3195 3060 2421 2029 1642 588 864 3891 8890
19 9893 3578 6376 6076 5279 4911 4509 4328 3916 3850 3074 2563 2508 2413 1770 1258 600 1177 4164
22 9892 9427 9326 9103 8651 8285 8079 268 7375 7004 6692 5988 3291 613 2024 1673 1479 793 564 290 1271 2166
24 9891 9293 8907 8689 8364 8102 7242 6736 6345 6296 6271 6219 6081 5787 5433 5073 4901 4357 4155 4097 3831 3491 2000 5222
18 9890 9267 8700 8269 8112 8035 7357 7157 6648 6304 5999 5950 4920 5091 633 2539 4794 6900
23 9889 9565 9353 8895 8001 7702 7553 7152 6462 5945 5600 5444 2683 2274 2062 1822 1687 1420 1074 287 542 1755 5018
26 9888 9556 9168 8982 7910 7799 7423 7205 6946 6449 6148 5777 5557 4916 4860 4657 4073 3619 3079 2587 2078 1586 440 1256 2360 3696
28 9887 9519 8469 7997 7306 7145 6907 6308 6155 4194 5420 5087 4639 4145 3845 3421 3305 2971 2704 2582 1567 1408 669 206 696 2061 4882 6694
21 9886 9471 8770 8521 8468 8025 7897 7596 7088 6693 6581 5931 5647 2495 4923 4658 4286 1381 582 2537 4020
17 9885 9301 8539 8353 7923 7510 6940 6686 2427 979 1544 1085 416 352 1407 2352 2695
28 9884 9570 9328 9257 8580 8210 8043 7818 7787 7524 6973 1609 6416 5891 5009 4917 4749 4576 4275 3488 3210 2593 1413 869 170 320 2686 5808
20 9883 9121 1065 4643 4489 4239 3834 3727 3477 3254 2960 2810 2634 2299 1772 972 534 192 163 1433
30 9882 9580 9098 8723 8365 7908 7679 7063 7031 6566 6126 5992 5678 5384 4869 4649 4268 3933 3883 3548 1480 2622 2354 1812 1499 919 234 146 1512 5245
32 9881 9582 9201 9031 8595 8212 8066 7920 7770 7521 7035 6841 6643 6406 6097 5977 5535 5455 5194 4977 4477 4087 3669 2865 2345 1932 1632 1493 1026 256 249 3442
27 9880 8983 8769 8540 8191 7898 7449 7324 7106 6795 6282 5817 5613 5488 5410 5108 4694 4517 4295 3959 3356 2872 2366 2017 1513 437 2297
36 9879 9357 8981 8905 8615 8226 7859 7341 7139 6824 6410 5980 5494 5212 5111 4958 4907 4641 4374 4281 3634 3033 2816 949 2262 1796 1678 1450 1288 1226 913 651 498 1904 3697 6783
28 9878 9124 8614 8127 7747 7254 7151 6978 3990 6051 5683 5127 4987 4756 4432 3862 3829 3226 2892 2806 2069 1584 1235 764 55 576 3951 5402
27 9877 9449 7403 7077 6751 6355 5930 5587 5408 5210 4947 4498 4252 3710 3469 2940 2441 2146 1907 1596 1277 868 710 123 425 1640 3055
22 9876 9539 9349 3083 6669 6180 5861 5559 5154 4857 4263 3934 3618 3336 3289 2850 2393 2030 1789 491 338 310
34 9875 9464 8901 8710 8684 8626 8328 8073 7356 7052 6739 6646 6433 6194 6068 5894 5634 5230 4974 4602 4035 3943 3624 2894 2276 2084 1688 1129 521 453 32 967 3307 6961
29 9874 9358 8926 8741 8385 8067 7904 7411 7249 7026 6895 6450 6294 6000 5759 5474 1 4614 4102 3932 3679 3113 2680 1964 1533 539 777 2031 6150
29 9873 9486 9260 9085 8763 8653 8176 7971 7300 7104 6893 6847 6507 6357 6100 5918 5563 5090 4759 4312 4047 3828 3109 2814 2468 2204 1574 1191 820
21 9872 9405 9210 8835 8598 8159 8004 7540 7267 6719 6534 6276 5925 5554 5441 1086 405 135 397 1628 3608
23 9871 9540 8965 5762 5229 4805 4647 4267 3927 3467 3203 3093 3016 2658 2599 1946 1432 758 543 45 1443 2711 3396
21 9870 9503 8761 8311 7988 7367 6763 6599 6432 6062 5553 2746 2637 2018 1279 1028 385 220 854 5060 6403
25 9869 9172 8787 8458 7882 7513 7086 1773 6369 6089 5636 5383 4966 4778 4572 3433 3111 1941 1581 1307 678 628 90 799 4202
15 9868 1489 6483 5237 5887 4848 5016 4631 4476 3720 3387 2853 2724 2265 2015
26 9867 9343 9276 8972 8715 8314 7960 7545 7413 7066 6701 6370 6211 5956 5841 5672 5531 5076 4993 4803 4713 4319 4168 3792 3318 2939
29 9866 9473 9268 8867 8480 8266 7916 7622 7246 6969 6677 6272 6012 5767 5490 5400 601 4527 4209 3742 2933 2269 1303 433 304 138 1102 3816 7070
14 9865 8996 8227 3248 2790 2163 1819 1076 692 361 627 1415 3270 3334
25 9864 7808 7535 6921 6596 6149 3849 5551 5172 4942 4440 4384 4089 3668 3480 3154 2659 2565 2257 1824 1410 1015 1453 2949 4807
23 9863 9390 9195 9153 8506 7990 5631 5380 4918 4651 4283 4023 3985 3588 3223 2737 2359 870 56 353 1689 3866 5304
25 9862 9008 8740 8265 7900 7803 7645 7368 6796 6658 6428 6195 6094 5802 5169 4451 4321 1836 1343 882 470 808 2072 2797 5218
26 9861 9158 8647 8416 8215 7612 7417 7193 6687 6172 5790 5590 5195 5162 4999 4847 4404 4193 3787 3485 3004 2556 1069 1505 1229 218
26 9860 9403 8616 8289 8052 7791 7614 7185 6997 6867 6667 6443 6251 5799 5593 4951 4813 4727 3948 3755 2868 2554 2488 2004 1214 641
31 9859 9479 9148 8775 8603 8535 8245 7244 6942 6568 6382 5676 5244 5125 2036 4550 4332 3935 3472 2842 2496 2137 1980 1737 1148 834 478 183 1595 2780 4863
20 9858 9360 6684 6380 6016 5820 5349 5033 4862 4266 4114 3712 3439 2705 2548 1965 1669 1440 968 773
28 9857 9584 9421 8942 8862 8349 8008 7734 7427 7100 6717 6215 6091 5957 5703 5309 5223 4682 4539 4032 3744 3521 39 2174 1877 1321 26 719
22 9856 9165 8953 8497 8220 7933 7621 5155 5048 4595 4152 3524 3107 2826 2443 1982 1520 980 829 185 789 5440
19 9855 9413 9035 8874 8719 6513 6109 5910 5316 507 4229 3975 3496 2886 1779 1930 1362 654 233
17 9854 9396 6381 8446 8284 7744 7223 7098 6934 6862 6691 6477 5872 3362 357 3062 2758
16 9853 6115 9522 9409 9125 8870 8392 8318 8148 4495 7293 2176 2905 1475 2120 1626
18 9852 4150 8794 8642 8391 7981 7907 7760 5372 5181 4671 4240 3741 3037 2870 2486 2585 3947
25 9851 9373 8943 8531 8486 8230 7617 7452 7017 6642 6425 6352 6210 6023 5691 5470 4985 4589 4327 4203 4082 3487 3001 2378 1844
23 9850 9543 9285 9051 8652 8229 7857 7690 7348 7200 6612 6307 6213 6018 3617 3302 3069 2923 2255 2003 1328 1053 835
19 9849 9217 9112 8617 8439 8390 8146 8039 7758 7433 3134 1297 1981 1519 936 393 839 2335 4107
24 9848 8900 8267 8189 7494 7097 6337 6066 5599 5215 4823 4104 3775 3418 3284 2766 2630 1199 1172 861 317 645 2008 4482
29 9846 9485 9145 8846 8534 8020 7670 7438 6826 6564 5995 5684 5252 5037 4931 4355 3871 3801 3612 3091 2303 1933 1418 1078 520 410 189 2167 5161
31 9845 8980 8879 8409 3988 7750 7732 7397 6991 6590 6472 6218 5933 5584 5311 5085 4906 4450 3266 2862 1937 2381 1828 1671 1213 431 110 475 1332 2275 3758
29 9844 9478 8821 8367 8139 7286 6979 6622 6003 5671 5328 5208 4926 4504 4290 4014 92 3687 3279 2922 2307 2196 1570 1021 303 1738 2434 2915 6822
19 9843 7952 8511 8403 24 7950 7794 7480 7362 4972 4448 4147 3646 3587 3280 2734 23 3370 4090
23 9842 9547 9010 6198 445 7703 7057 6638 6444 6220 5796 5550 5234 4980 3566 381 3824 604 553 2399 3156 4706 7399
27 9841 9412 9075 9006 8671 8363 8111 6144 5976 5576 284 2056 4279 3909 3639 3394 74 2545 2227 1924 1662 1585 1087 87 720 1560 7475
27 9840 8857 8233 7805 7754 2589 6737 6494 6330 4170 5964 5735 5621 5028 4874 4688 4481 3986 2970 2403 2237 1094 250 244 674 1970 7499
28 9839 9237 9069 8913 8199 7735 7419 7114 6749 6613 6359 6070 5733 5370 4285 4809 4541 4317 1699 877 480 321 412 1963 2992 3817 5213 7229
27 9838 9389 8923 8341 7736 7312 7187 6832 6414 6165 5764 5176 4640 152 3971 3117 81 2281 2175 1890 1556 971 742 1109 1838 3236 5693
28 9837 9501 9041 8774 8331 1993 7490 6981 6752 6348 892 5581 5219 5001 4543 4436 3852 3292 2560 2365 2157 1926 1657 1185 812 308 379 4154
27 9836 9037 8612 8388 8048 7370 7232 7178 7096 6779 6653 6289 6141 5739 5492 5191 47 4462 4314 85 3525 3065 2854 2568 2251 1546 7957
37 9835 9379 8840 5716 8178 8063 7601 7003 6828 6776 6586 6378 6103 5953 5625 5266 5149 2216 4457 4315 4055 3837 3452 3131 2837 2604 2371 1971 1881 1656 1249 787 54 1466 3005 6123 8731
20 9834 9288 8959 8467 8325 7855 7807 7482 5166 4735 4158 3752 3174 2709 1048 1417 2041 2576 3194 6831
27 9833 9139 8799 8593 8342 7771 7111 6996 6939 6878 6784 6553 6274 5729 5481 5050 4950 4186 4096 3823 3705 1870 1722 1033 155 1674 2896
33 9832 9475 9384 9001 8728 8329 7922 7693 7307 7060 6873 6399 5846 5673 5525 5323 5256 5202 4845 4461 4039 3968 3448 2978 2579 2168 1764 1070 774 84 881 4008 5300
30 9831 9205 8735 8516 8149 7883 7746 7552 7393 6877 6405 5967 5680 5374 4957 4580 3716 3567 3163 2114 1791 1318 875 283 365 1263 1942 3842 4307 6418
22 9830 9407 9109 8193 7820 7742 7313 7211 6987 6936 6464 6159 6037 2511 5435 5168 4483 1009 35 1910 2802 4112
30 9829 9173 8970 8674 8607 8423 8203 7901 7669 6780 7196 6117 5758 5277 3512 4650 4389 4037 3945 3586 3221 2670 1951 1650 1342 535 655 1363 4223 6031
27 9828 9372 8279 7899 7245 6998 6899 6475 6054 5708 5355 5131 3717 4699 4632 4274 3684 3374 2796 2279 1918 1073 436 8 734 2904 3651
22 9827 9223 8968 6013 5624 5242 5081 2338 4318 4140 3534 2861 2569 2214 1390 749 460 58 580 2079 3555 7463
21 9826 9127 8727 1393 5074 4854 4205 3520 1509 3219 2684 1929 1672 1158 1084 794 276 10 1384 3108 4875
29 9825 9554 9391 9250 9005 8961 8791 8553 6268 5939 5794 5265 4986 4903 4737 4501 4311 2831 3645 3343 2813 2625 2466 1935 1162 729 548 880 3030
20 9824 6441 5605 730 5066 4587 4406 3999 3685 2901 2647 2259 1990 1469 1254 1092 344 267 1757 4011
37 9823 9457 8989 8713 8591 8522 8057 7728 7478 7008 6811 6674 6175 5936 5783 5565 5486 5040 4944 4579 4261 3657 3293 2045 2617 2397 2082 1658 1380 781 621 500 197 106 1211 2519 4467
30 9822 9274 9071 8386 8252 8036 7983 7648 7364 7022 6931 6657 6253 6067 5912 5520 5079 439 4638 4362 3881 3504 2612 2088 1568 855 264 2250 2967 4829
28 9821 9216 8696 8558 8335 7833 7500 7266 7056 6379 6171 6010 5582 5171 4561 3984 3877 3523 3110 2983 1330 1928 1591 966 721 262 2290 3991
23 9820 9374 8934 8268 8103 7906 7529 7290 6884 1973 4022 3015 2517 2058 1840 1703 891 673 22 596 1176 2912 4761
26 9819 9278 8834 8811 8655 8448 7912 7672 7168 726 6231 5979 3733 2929 2500 1996 1720 1367 452 239 202 1182 2035 2640 3461 5017
27 9818 9381 8712 8583 8248 7800 7407 7291 6858 6722 6342 5941 5544 5173 4799 4244 3797 3413 2954 2094 1781 981 598 78 1620 2464 4084
31 9817 8922 8471 7893 7813 7402 7237 7129 6874 6454 6227 6024 5781 5523 5378 4968 4503 4063 3611 2953 2611 2248 1809 1425 1322 373 4 1104 1862 2952 4687
29 9816 9518 9219 8477 8498 8171 8053 7685 7536 6962 6537 6152 5604 5003 4548 3963 3856 3412 3102 2633 2267 2170 2042 1471 1095 581 1054 1745 3169
22 9815 9227 8863 8559 8417 8065 7637 7422 7374 7108 4970 4832 2981 3000 2808 2521 2437 2122 1304 679 101 1194
26 9814 9295 8695 8484 8430 7766 7597 7251 6967 6705 6645 6041 5627 5426 4834 4485 4262 3908 3851 3802 3367 504 46 865 1792 2825
30 9813 9508 9110 8844 8501 8161 7798 7492 7231 7081 6883 6526 6122 5947 5112 5835 5562 21 2962 2701 2460 2071 1340 1020 495 514 753 2119 4137 8175
24 9812 9424 9146 8555 8362 8264 7932 7666 7391 7177 7041 6782 6335 5923 5831 5472 5179 5072 4411 70 629 1886 2278 3253
31 9811 9498 9281 8896 8780 8083 7680 7002 6839 6611 6176 5862 5579 5228 2132 4372 4151 3888 3559 2355 2824 2721 2361 2025 1502 1157 925 688 1218 2512 5034
20 9810 9048 6160 7630 7064 739 6636 6420 5993 5664 5130 4721 4488 4120 3735 560 3178 2277 1695 1459
15 9809 9520 6728 6402 1625 5659 5432 5056 4792 4588 1808 905 584 4056 5654
35 9808 9531 9234 9067 8649 8592 8340 7556 6984 6652 6488 6400 6299 6181 5966 5932 5638 4080 4705 4195 4024 3526 3046 2467 2081 1665 1293 1231 603 145 193 611 1281 2731 5743
18 9807 9283 8937 8492 8116 7894 7694 7464 4998 4568 4182 3763 3425 3128 2879 2412 3245 9707
28 9806 9401 9316 9119 8654 8491 8360 8180 7874 7684 5461 4934 4409 3994 3800 3576 3456 3198 2876 2141 1923 1283 566 82 1024 3170 4414 6485
22 9805 9562 9399 8991 8624 8156 7619 7400 7253 6960 4559 3550 3217 3012 2580 1979 1535 906 547 179 1311 2718
30 9804 8919 8635 8425 8356 7718 7310 6988 6223 6042 5620 5549 5143 4843 4728 4408 4381 3815 3676 2956 2770 2655 2344 1806 1063 937 752 68 294 1192
19 9803 6761 2791 6092 5896 5539 5262 5007 4787 4715 4236 3863 3478 2903 2492 2007 447 354 1776
21 9802 5086 9258 8393 8047 5880 5630 5287 2934 2635 4520 1646 999 518 109 252 1605 2394 3317 5769 9619
20 9801 9296 8952 8621 8562 8321 8137 7778 7121 6678 6173 5616 5318 5146 4736 1823 1594 998 389 3833
31 9800 9430 9233 8928 8815 8003 7839 7762 7365 7148 6941 6660 6440 6367 6116 5622 5187 5082 4886 4538 4124 3903 1725 2805 1988 1766 1112 556 285 2520 3325
14 9799 9589 9560 9454 9007 563 5893 5505 5071 1079 1583 2356 3542 5487
22 9798 9175 8636 8352 8136 8082 7659 7143 6666 6393 6074 5687 4207 4902 4741 4371 3955 3590 3097 2951 2368 6815
18 9797 9470 9171 9047 8421 8099 7459 7078 6552 6491 6303 5921 5813 4983 4557 572 1338 2343
19 9796 9484 8949 8299 1353 7834 7664 7445 7173 6814 6584 6371 5914 4819 2927 4025 3483 3277 2528
20 9795 9507 9012 8809 8060 7915 7667 7248 6768 6313 5954 5282 4897 4663 4469 300 1189 2432 3384 8310
18 9794 9469 9196 9092 8550 8243 8114 7786 7485 7221 7156 6880 6384 5922 5723 5489 3073 4796
21 9793 9465 9018 7561 8037 7723 7633 7188 7061 4161 4009 3648 3397 3172 2906 2765 2154 1573 970 426 306
26 9792 9380 8831 8645 8470 8291 8014 7624 219 7149 6853 6664 6445 6030 6011 3067 5711 3614 2085 1810 1747 1077 160 622 3129 4536
18 9791 9292 9115 8988 8685 8333 8029 7434 7080 6635 6517 1731 1411 17 782 1438 2110 5295
26 9790 9265 9142 8916 8789 8726 8078 7687 7437 7010 6601 4885 4511 5652 5135 4884 4473 4101 3937 3703 3013 2546 1854 985 79 1159
34 9789 9406 9212 9073 8860 8572 8309 8074 7870 7660 7460 7079 6808 6558 6298 5682 5367 5198 4627 4439 3780 3592 3120 2667 2451 215 1526 888 358 149 313 2799 3329 4836
31 9788 9105 8632 7806 7592 7369 7294 7071 6557 6214 5726 5606 5473 5428 5114 4814 4608 4072 3481 3035 2859 2529 1987 1437 1044 532 133 961 1524 4665 5189
27 9787 9176 8767 8237 7682 7228 6845 6212 5776 5183 5110 4978 4852 4342 4110 3926 3080 2893 2226 1831 1127 801 503 28 1239 2941 5517
25 9786 9585 8927 8503 8075 7963 7768 7234 7024 6806 6696 6312 5968 2727 2431 1800 67 973 282 330 1465 1634 3795 3918 9976
35 9785 9425 9182 8817 8512 8069 7827 7688 7136 6718 6533 6423 6243 5837 5533 4881 4752 4238 3745 3385 3019 2586 2179 2027 1548 1236 760 198 1179 1530 1968 2817 3196 3457 7657
17 9784 9111 8930 8699 8339 7846 7484 7206 2152 1783 1374 997 909 632 455 610 1399
25 9783 9568 9419 9231 222 8347 8132 7873 7752 7613 4844 4178 3931 3900 3340 3192 2945 2768 2032 1275 1108 116 1111 3605 6913
33 9782 9436 8293 7927 7531 7431 7213 7062 6614 6027 5824 5663 5421 5289 5193 4888 4634 3840 4284 3825 3378 767 2438 2161 1875 1174 728 510 516 1240 2899 4867 5727
26 9781 9517 9460 9014 8935 8276 7643 7107 6976 6551 6310 6185 5969 3446 3399 3269 3010 2847 2481 1462 663 528 415 2942 4959 6541
24 9780 9307 8784 8428 8378 8273 8147 7763 7335 7170 6920 6800 6630 6134 5760 5476 5325 4594 4325 1602 1137 593 97 2480
21 9779 9361 9123 8680 8400 8247 7840 7563 7135 6819 6366 6309 5917 5513 2459 2246 1617 1356 42 1228 3989
26 9778 9500 9179 8600 8262 8106 7854 7147 4708 4348 4277 4201 3944 3670 3531 3141 3018 2567 2005 1691 1424 850 59 559 2217 4003
27 9777 9410 8973 8702 8118 8049 7925 7864 7506 5306 4840 4216 4060 3630 3144 2888 2462 1788 1184 960 783 151 99 608 1406 3026 4078
22 9776 9550 6766 6332 6169 5782 5200 5119 5015 4755 4446 4219 3941 3484 3272 1847 983 686 519 751 1315 2649
30 9775 117 9093 8736 8530 8510 8155 7830 7415 7163 6915 6738 6520 5856 1030 5493 5099 4711 4466 4388 3997 3864 3338 2678 1629 1164 807 1515 3579 5393
25 9774 9588 9036 8904 8394 7743 7414 7199 7099 6856 6707 6565 6283 6114 5508 5243 4955 4798 2212 555 76 1994 2291 3743 7913
20 9773 9429 9341 8783 8601 8278 7581 3431 2885 2453 2208 2068 1834 1742 1316 132 382 2076 2930 3603
17 9772 9336 8802 8722 7775 7265 5387 6597 6008 5828 5186 4856 4500 3659 3341 2324 5615
27 9771 9441 9021 8179 7745 7588 7076 6954 6647 5848 5666 5419 5224 4940 4392 4100 3275 3155 2965 2697 2097 1704 1298 594 1511 2639 4058
15 9770 9128 8810 8485 8211 7999 7632 3538 3377 2974 2749 1016 964 207 1002
20 9769 9581 9192 8748 8509 7958 7677 7325 3003 2815 2193 2016 1402 1347 551 125 715 1521 2651 4815
30 9768 9492 9319 8984 8891 8312 8087 7970 7636 7390 6972 6471 6235 5909 5184 4783 4754 4337 3463 3183 2832 2469 2101 1698 1404 1187 631 713 2026 6952
29 9767 9513 8944 8551 8173 7481 7404 7194 6679 6237 3176 5646 4880 4592 4206 4051 3383 3189 2864 2553 2136 1401 1057 797 602 195 458 1474 4208
29 9766 9557 9310 9088 8893 8432 8021 7642 7339 7241 6817 3029 5958 5845 5499 5221 4744 3939 3644 3243 2902 2219 1920 1551 747 223 1098 2681 3008
16 9765 9133 8985 8871 8752 8303 5098 4563 4054 3451 3132 2723 1259 1998 4377 5358
33 9764 9253 8525 8033 7817 7635 6964 6673 6386 6113 5725 5459 5188 4962 4620 4305 4131 3804 3434 2921 2638 2341 2145 1728 1449 1195 639 261 529 934 1504 2828 4839
15 9763 6879 4162 3641 3273 2719 1660 2023 1782 1444 918 278 241 1186 4349
29 9762 9351 9023 8800 8537 8222 8026 7711 7116 7044 6744 2044 4922 4769 4398 4160 4108 3677 3350 2966 2306 1878 1107 810 434 271 1364 3167 9913
29 9761 9352 9134 8880 8544 8424 8094 7730 7477 7159 7082 6816 6604 6333 5692 5456 5338 4925 4221 3767 2389 2051 1682 571 9 583 1110 1843 3692
22 9760 9039 8665 8200 7381 7000 6478 6201 5871 5655 5412 4870 2856 4612 1835 3405 3007 2669 269 975 1422 5875
34 9759 9541 8754 8479 8461 8376 8129 7881 7555 7059 6446 6329 6292 6127 5552 5451 5205 5144 4890 4817 4438 3625 156 2515 2321 2067 2012 1663 828 48 2011 4064 5089 7119
30 9758 9394 8955 8717 8538 7996 7600 6497 6389 5998 5704 5429 5175 5078 4725 4412 3664 3536 2699 2662 2555 2234 1683 1253 522 154 29 1175 1997 3017
23 9757 9400 9016 8889 8670 4474 4324 3980 3450 3244 3212 3089 374 2583 2199 1945 1552 1167 727 111 823 1867 4679
23 9756 9132 8948 8290 7343 6957 6690 6560 5940 5822 5752 5516 5103 4570 4062 3987 3771 3241 91 2882 816 1419 1284
29 9755 9131 8743 8298 7756 7360 7153 6385 6183 5867 5719 5519 5413 5315 5138 4519 4459 4235 3598 3078 2362 2623 2334 1751 562 231 50 691 1676
29 9754 8829 8500 8124 7802 7416 7049 6849 6490 6340 5788 5545 5251 5083 4816 4697 4264 4136 3682 3052 2656 2285 1516 1183 750 127 1309 2406 7429
37 9753 9506 9261 9199 8569 8444 8091 7976 7832 7625 7274 6859 6436 6331 6033 5859 5479 4912 4664 4297 4126 3814 3747 3440 3133 3009 2773 2098 1576 1151 901 681 309 18 2135 3564 4648
25 9751 9236 8798 8251 7606 7304 6950 6748 6641 6411 6167 6005 5575 5404 4821 4490 4052 2841 2827 2353 1802 1145 1007 63 368
18 9750 8588 8108 7697 7315 6995 400 5803 5648 5239 1326 4401 3861 737 75 1097 2107 3865
22 9749 9437 9070 8711 6295 6118 5766 5651 5401 4971 4447 3965 3507 2351 1938 1652 579 711 1272 2115 5113 5971
22 9748 9000 8751 8437 7993 7608 7504 7033 6727 6341 6241 5804 5504 5285 4992 1529 1758 1360 931 466 51 1023
20 9747 9422 8967 4928 4526 4373 3589 2527 2769 2318 2215 1756 1278 1163 838 592 825 2732 4225 6529
18 9746 9546 9420 9275 8833 8730 5430 4975 4616 4303 4095 3756 3369 1346 2646 2454 1649 1140
31 9745 9254 9052 8676 8401 8163 8084 7944 7663 7162 6812 6439 6291 5810 5397 5165 5068 4871 4574 4370 4021 3912 3901 3613 3118 2547 2282 1899 1207 1131 476
22 9744 8842 8449 8169 8050 7784 7201 6866 6549 6334 6259 5714 5360 5124 4491 4259 4180 4111 3827 329 1252 3539
22 9743 9387 9113 2316 8422 6387 5832 5643 5395 5216 5032 4772 4031 4007 3366 3621 3308 3088 489 1601 2465 4475
31 9742 9397 8747 8307 7967 7780 7626 7277 6788 6374 6250 5882 5641 5530 5141 4376 4243 3880 3660 3283 2976 2530 1976 1370 1247 1029 706 266 1090 2673 4228
28 9741 9162 8852 8490 7797 7526 7366 7069 6532 6372 6102 3601 5385 1830 4785 4369 4092 3636 3402 3213 2671 2524 1916 1618 1118 375 2075 6916
23 9740 7471 7380 6804 6621 6288 6111 5981 5785 5347 4899 4460 4320 3574 3312 2337 1569 941 623 367 982 2198 5299
22 9739 9152 8589 8414 7979 6456 7261 7042 6688 6266 6073 5710 5588 5392 5145 4945 4598 4478 4375 4006 722 499
22 9738 9382 9058 8494 8286 7947 7321 7197 7048 6683 6302 1852 5668 5345 1223 4748 4282 4070 488 938 3047 3739
29 9737 8932 8698 8524 8466 8138 8009 7491 7273 6959 6685 6498 6222 5502 4703 4933 4789 4722 4190 3998 3591 3041 2594 2182 1732 194 134 1209 3826
15 9736 9298 8929 8018 7721 7528 6809 6544 2172 1280 430 52 697 965 2660
29 9735 8898 8668 8370 7974 7783 7598 7541 7458 2852 5020 4464 4117 3748 403 3136 2621 523 2387 2142 1389 1003 575 167 929 2304 3025 4742 6404
32 9734 9435 8951 8692 8523 8183 8007 7605 7338 7055 6861 3276 6535 6156 5944 5825 5467 5180 5080 4505 4122 3422 3011 2708 2433 1713 345 177 544 1066 1323 3647
34 9733 9549 9242 8971 8457 8249 7738 7705 7236 7138 3655 6350 5942 5855 5569 5514 4299 5026 4879 4668 4173 2919 3416 3205 2610 2213 2014 1633 765 464 986 2187 2973 4635
19 9732 8786 8382 8194 7652 7496 7091 6930 6846 6592 6536 5975 3835 3320 2561 1821 363 454 3471
28 9731 9300 9169 8921 8575 8435 8196 8120 7895 7602 7505 7410 5948 6750 6605 6311 5798 5695 5595 5337 5197 4554 4177 3390 2830 2370 1705 923
27 9730 9572 9286 8950 8131 8024 7495 4644 2857 4743 4453 4067 3950 3854 3750 3300 2801 2400 2244 1749 1103 811 390 98 1096 2917 6633
25 9729 9434 9087 8872 8701 8254 7649 7376 5518 5002 4692 4364 3798 3514 3304 2726 2158 1962 1467 1099 844 129 2006 3565 4071
31 9728 9340 9080 8828 8255 8109 8038 7350 7176 6525 6240 6021 5749 5298 4900 4272 3781 3662 3242 2925 2588 2452 2325 2231 1950 1820 1439 259 1004 2230 4379
22 9727 9524 9137 8918 8585 8088 4226 3949 3460 3364 3127 2911 2349 2046 1944 1171 804 77 649 1294 2382 6670
26 9726 9083 8460 8110 7650 7020 6419 6162 6036 5840 5377 4669 4556 4119 3661 3296 2584 2298 1378 851 732 242 843 2245 2470 8773
27 9725 9474 8765 8441 7917 7474 7371 7155 6985 6713 6511 6072 5450 5064 4405 952 2855 2417 2052 1490 866 386 40 1264 2577 4935 7965
24 9724 9490 9297 9063 8881 8238 7886 7753 7112 6958 6550 6061 5854 5757 5667 5465 4989 4646 325 114 599 1299 2937 9563
23 9723 2401 6147 5833 5560 5331 4994 4660 4454 4169 3704 3262 3072 2702 2185 1197 1894 1136 1052 570 173 969 2112
23 9722 9511 9325 8978 8410 7902 7515 7349 7216 7122 4564 4423 3952 3347 2750 2364 1767 1739 1382 940 422 1430 4686
20 9721 9211 8657 8217 7953 7706 7230 6887 6339 6131 4255 5062 4443 4030 3584 3323 2694 2099 2536 3708
30 9720 9593 9330 9011 8313 8062 7985 7709 7329 6755 1635 6082 5959 5660 2605 4979 4689 4359 4076 3730 3233 2910 2615 1696 1423 664 14 1984 2180 3607
27 9719 9488 9194 8796 8620 8017 7662 6871 6781 6595 6301 1251 5498 4716 4146 3895 3656 3259 2707 2383 2065 2083 1592 1431 545 427 872
17 9718 9235 8947 8412 7946 7692 7455 7142 6603 6151 5864 5226 540 251 1985 3444 4537
21 9717 9586 9061 8646 8319 7665 7268 6918 6710 6461 6238 4036 3822 3407 2918 2533 2339 2102 1701 1373 1061
23 9716 9356 9009 8876 8552 8261 2986 7848 7585 7127 6503 6104 1208 2811 2241 1957 1428 487 444 1588 3148 4346 5744
26 9715 9536 9418 2305 6746 6455 6242 5879 5741 5602 5290 5014 4695 4426 3054 3754 3314 3186 2710 1623 822 44 248 930 1040 6321
25 9714 9102 8542 8224 5381 7409 7179 6882 6618 6124 5537 5292 5196 4996 4591 4313 4234 3919 853 3175 2955 2687 2510 1616 1190
15 9713 9323 9078 8839 8383 8162 7726 7511 6908 6640 6515 4061 3638 351 908
29 9712 9402 8781 8648 8566 585 7772 7584 7233 6787 6368 6057 5908 5396 5000 4302 3435 3637 3048 2778 2373 1917 1559 815 210 2108 2505 3208 4717
33 9711 9339 9081 8527 8323 7934 7396 7218 6489 6316 6224 5821 5126 4746 4422 4211 4010 3757 3498 3309 3157 2839 2477 2047 1741 1286 72 166 481 2060 3875 4873 7936
19 9710 9544 9245 8570 8274 7866 7557 7051 6572 6143 3870 915 265 38 118 509 1487 3168 8640
34 9709 9431 8987 8536 8095 7611 7465 7305 7207 7034 6852 6563 6047 5890 5642 5603 5199 4964 4599 3974 3642 3185 2909 2821 2753 2458 2228 2048 1614 1341 473 128 656 2288
22 9708 9163 8753 8337 8086 7522 5250 4698 3940 3359 2845 2499 1717 1383 791 618 356 462 1292 2425 2788 6466
22 9706 9455 9077 8764 5860 8411 7942 7568 7388 7054 6790 6354 6059 5632 5268 4853 4597 3680 3911 3355 3086 89
31 9705 7401 9024 8579 8218 7720 7174 6659 6391 6138 5987 5707 5346 4780 4555 4368 3982 3713 3610 2404 3101 2716 2268 2070 1238 712 769 993 1198 2409 3629
26 9704 9487 9095 8778 8402 5913 5512 5280 5075 4896 4763 225 3805 3142 2689 2330 1566 1032 885 407 122 552 947 2603 3149 5332
29 9703 9447 9032 8915 8568 7865 7835 7072 6829 6700 6500 6353 6153 5852 5568 5471 4991 4350 4242 3843 3726 3506 3059 2729 2092 1314 903 630 174
27 9702 8883 8718 8054 7821 7653 7454 7220 7027 6680 6120 5865 5610 5157 4937 4480 4165 3796 3360 2767 2484 2131 1597 1156 472 257 1135
17 9701 9481 9140 8691 8496 8214 7828 7520 7025 3893 3686 3227 2532 1785 2140 3050 8518
27 9700 9314 8887 8631 8346 8160 7774 7594 7547 7298 7018 6868 6328 6280 6088 5889 5478 2598 2363 2289 1771 1435 650 291 987 2424 2581
30 9699 9309 9129 8663 8236 8202 7656 7448 7046 6703 6625 6287 5827 1313 41 4666 4430 4057 3784 3499 3247 2943 2631 2311 1775 1237 743 597 323 1146
28 9698 9551 9480 9221 8819 8165 7767 7014 6452 6004 5521 5303 5117 3885 4544 4413 4075 3956 3836 3519 2812 1611 1243 652 275 1152 1518 3358
24 9697 9190 8917 8440 8023 7527 7278 7092 6935 6453 6265 5985 819 3095 2840 2210 2159 1925 1150 818 517 0 3066 9313
18 9696 9566 9392 8725 8610 8150 7716 3246 2221 1871 1312 1244 1047 468 107 636 4260 6912
27 9695 9467 9101 8850 8793 7930 7327 7239 6315 6053 5586 5391 4820 4232 3776 3256 2675 2183 1999 1761 1478 296 168 907 1883 2999 6424
18 9694 9512 9004 8499 8456 8158 7676 7352 6863 6655 6527 1991 1409 687 772 2531 3554 5359
20 9693 7209 6927 6582 6093 5722 5542 5248 4765 4531 4393 4333 3818 3423 3261 2914 2692 2312 1939 1339
30 9692 9423 9033 8803 8305 8100 7871 7537 7383 5897 5507 5257 4889 4729 4625 657 3391 3282 2950 2785 2494 2206 1829 1577 1358 577 221 71 2247 6724
21 9691 9443 9218 8886 7640 7793 7421 7224 6757 6698 6377 2744 2273 2055 1818 1050 644 258 1589 2507 4877
27 9690 9530 6986 6805 6422 6260 6029 5899 5612 5236 4859 4566 4425 4172 3492 2800 2485 2043 1893 916 213 208 1203 2293 3585 4575 6965
28 9689 9335 8975 8164 8019 7590 7264 7058 6734 6523 6133 5629 5495 5115 4791 4551 4079 3672 3449 3044 2596 2066 1736 421 281 833 1815 3092
34 9688 9345 8957 8776 8628 8564 3103 7831 7591 7247 6869 6480 5863 5702 5594 5527 5247 4929 4465 3623 3482 3027 2117 1850 1748 1517 1224 840 759 625 148 1523 2233 3779
26 9687 9020 8853 8623 8133 7816 7243 7094 6561 6161 5823 5458 5260 4685 4141 3925 3582 3464 3031 2478 1856 1598 1427 378 2118 3540
34 9686 8906 8256 8046 8006 7472 5227 6881 6708 6479 6336 6071 6001 5935 5657 5436 5185 4800 4615 4199 3878 3790 3328 3204 1846 2402 1960 1483 1317 831 409 1532 1724 3354
33 9685 9571 9428 9118 8732 8507 8140 7962 7473 7428 7161 7007 6778 6518 5915 5775 5548 5452 5255 4521 4310 3929 3665 3361 3056 2375 2087 1582 702 536 1331 2261 3693
26 9684 9442 9157 8758 6729 6285 6056 5611 5394 4824 4176 3722 2980 2884 2809 2239 1914 1357 1014 366 224 348 1716 2696 3786 4494
27 9683 9445 8999 8304 7761 7532 7289 6977 6639 6447 6129 5281 3518 3326 3021 2685 2271 1816 1154 763 57 1220 1647 2105 3459 3855 9393
29 9682 9097 8667 8040 7717 7509 7497 6917 6409 5943 5644 5258 4891 4535 4449 4074 3465 3040 2908 2414 2155 1375 926 49 617 846 2095 2657 4214
22 9681 9315 8998 8407 8105 7863 7539 7342 6772 6548 5756 5371 2256 2317 2100 1416 392 506 1503 2357 3281 7956
19 9680 9483 6166 6119 5805 5522 5329 5128 5105 4775 4487 4323 4249 3428 3034 2541 1414 2920 3502
31 9679 9395 8966 8705 8354 7935 7836 7279 7085 6791 6496 6451 6168 5916 5635 718 4675 4265 3961 3770 3707 3597 3161 1708 319 953 786 515 567 1734 3594
20 9678 9499 9238 8661 7896 7701 7408 6854 6760 6465 5974 5924 5738 5225 5013 4826 4516 4083 3812 3560
18 9677 9239 8836 8359 7872 7443 394 7039 6827 6629 3197 6319 5448 5322 4838 2124 1395 1018
31 9676 9350 9076 8336 8031 7344 6919 6789 6726 6427 6017 5814 5712 5352 5058 4797 4529 4149 3791 3258 2990 2725 2390 2280 2019 1538 620 826 1372 1729 2984
33 9675 9247 9091 8807 8581 7892 6361 7308 7125 6574 6390 6199 6182 6086 5815 5270 5100 4804 4619 4569 3914 3522 3376 2961 2595 2328 2103 1892 1615 693 1282 3411 4758
37 9674 9378 9193 8859 8594 8532 8125 7995 7824 7765 7578 7430 7065 6627 1013 5904 5596 5269 4088 4656 4256 3857 3759 3265 2446 2284 1653 1621 1329 779 792 336 741 1391 1655 3615 9847
22 9673 9344 9229 8438 8167 7671 7134 6747 6573 6275 6083 5919 4605 4230 3729 944 298 956 1138 2776 4094 5369
28 9672 9056 8613 8377 8231 7683 7469 7259 6786 6575 6125 5677 5405 935 4322 3732 3675 3298 2301 1972 1857 1392 1124 626 301 1325 2602 6695
27 9671 9364 8849 8442 8316 8016 7564 7466 7124 6905 6836 6715 6467 6187 5984 5812 5283 5164 4530 3803 3652 3486 3225 380 1587 2741 4066
28 9670 9348 9164 9025 8686 8515 8357 7737 7489 7263 6994 6492 6396 6140 5929 5675 5496 5116 4786 4427 3957 3252 1901 1610 465 169 332 2642
26 9669 9376 8738 8609 8077 7446 7012 6820 6363 5928 245 5540 5047 4704 4128 3620 2795 2189 2133 1547 1327 748 6 2143 2979 5500
20 9668 9214 8806 8381 8154 7796 7516 7036 6484 5849 5658 5038 4753 4116 3719 3230 12 661 1492 4048
28 9667 9497 8868 8488 8344 7801 7467 6968 6792 6327 5748 1010 5129 3632 4397 4026 3928 3497 3181 2514 1948 1536 827 683 337 350 3239 4028
21 9666 9476 9398 8785 8355 7921 7708 7530 7192 6732 6499 5685 5484 5024 4593 4329 1334 784 448 1777 4525
33 9665 9334 9241 9074 8946 8208 8032 7631 7361 4984 6711 6476 6262 5843 5706 5454 5160 5022 4731 4567 4316 4227 4053 3711 3348 3124 3135 2229 1193 1464 689 486 2171
13 9664 9120 8804 8733 8563 4042 3517 3447 2995 2456 2134 1472 943
28 9663 8882 8682 8396 8182 7707 7120 6944 6801 6040 5839 5580 5070 4628 4253 4135 3357 3224 120 2606 2388 2164 1814 1144 295 13 1412 2654
32 9662 9433 9064 8677 8451 8045 7826 7538 7432 5765 5607 5438 5305 5106 4683 4300 4134 660 3568 531 3342 2948 2506 2263 1542 694 7 482 1630 1995 4153 9504
27 9661 9262 8963 8721 8302 7851 7587 7320 6947 6514 5898 5373 4898 4174 3563 3146 2703 1008 1887 1485 996 260 88 665 876 2928 5991
26 9660 9244 8924 8814 8669 8464 7964 7777 7574 7346 5294 4730 4121 3455 3032 2849 2319 1911 1668 1196 1091 836 11 886 1561 4948
29 9659 9122 8875 8502 8322 7924 7311 7087 6855 6055 5826 5049 5220 5005 4617 4512 4353 3954 3562 3271 2558 2489 2156 1622 235 471 490 1221 2735
29 9658 5406 8790 8375 8287 8013 7887 7644 7358 6989 6626 6239 5745 5382 4581 4410 4183 3793 3552 2698 1975 1470 1308 714 124 190 1113 4059 6656
20 9657 9337 8954 8529 8071 4395 3996 3643 3100 2833 2777 1774 1549 1134 914 527 456 568 2883 5881
31 9656 9322 8734 8443 8270 7819 7739 7442 7337 6851 6495 5952 5546 5233 5010 4497 4287 4044 4004 3438 2682 2186 1714 1534 1242 910 561 658 1201 1845 3537
20 9655 9577 9432 9327 9249 6911 6191 5792 5506 3193 2807 2535 2153 1848 1558 1122 859 398 388 3915
28 9654 9415 9106 8885 6228 7788 7262 6980 6697 6430 5795 5679 4745 4445 4237 3995 3874 3571 2993 2463 1397 755 263 15 1188 1613 3830 9084
26 9653 9180 8650 8288 7975 7850 7392 6928 6469 6388 6130 5884 5633 5259 5203 4895 950 4241 3545 3315 2491 1726 1261 955 744 203
13 9652 9215 9038 8605 2997 5907 5623 5297 5084 4633 4471 3294 5335
31 9651 9458 9060 8703 8405 8056 7570 7322 7084 6909 6838 6587 6442 6206 5906 5681 5529 5278 5069 4949 2367 2148 1608 1320 635 153 890 1441 1859 3490 6252
19 9650 9451 8295 7867 7453 5284 4876 4354 4005 3211 2601 2423 2096 1354 479 253 3 951 2573
20 9649 9055 8297 7641 7470 7260 7030 6850 6226 5626 5120 4849 4732 4534 3783 4034 3760 1873 3105 3966
25 9648 9104 8899 8724 8389 7318 7426 7019 6470 5973 5618 5246 5096 4878 4747 4336 3721 3635 2677 1885 1514 1058 347 272 1817
32 9647 9226 9150 9022 8827 8436 8122 7713 7074 6925 6567 6048 5793 5443 5174 4712 4179 4038 3884 3658 1349 3235 2722 2190 2021 1141 785 191 1142 3403 5424 7928
31 9646 9590 5934 8847 8584 8209 8022 7823 7503 7115 6650 6346 6046 502 5272 4678 4099 3057 3513 3184 2752 2379 1754 1173 863 420 102 842 992 2128 6412
16 9645 9255 8813 8533 8434 8253 5475 4981 4757 4308 3979 3694 2592 1922 4894 9256
34 9644 9057 8567 8413 7954 7550 7331 7090 6556 6508 6421 6132 5699 5447 5148 4946 4724 4347 4041 3868 2924 3140 2846 2740 2203 1612 1291 1001 662 418 607 2106 2916 6189
24 9643 9521 9294 8795 8517 8207 7725 7373 6631 6204 5994 5457 4939 4192 3820 3331 3206 2760 1679 1265 976 450 624 3138
27 9642 8992 8757 8315 8101 7951 7582 7424 7309 6943 6835 6588 6281 5892 5747 5313 5012 4696 4528 1306 736 182 396 513 1902 2482 2736
16 9641 372 9232 8578 6022 5773 5364 1260 2982 3701 3847 3470 3180 1700 2200 1855
19 9640 9408 9289 8395 7998 7733 7186 6857 6759 6347 6258 6009 5509 4988 4676 4590 4301 1180 240
28 9639 9174 8808 8350 8152 7926 7389 7272 7131 7023 6522 6325 5873 5614 5439 5142 4927 4681 4560 4273 3942 3577 3322 2764 2490 2242 1813 1114
22 9638 9346 6870 6620 6344 6045 5876 5617 5415 5273 5121 4802 4015 3299 3260 3099 2676 2121 1571 1082 790 492
26 9637 9555 9156 8644 8599 7252 6823 6360 6196 6174 5905 5724 5321 5134 4386 4012 3324 2376 1681 1501 1336 1080 605 1355 1664 3257
26 9636 8818 8604 8429 8188 7639 7456 7140 6914 4200 5997 5361 4982 4710 4344 3887 3042 2516 1889 1036 525 36 922 1531 2957 5341
23 9635 9527 9259 8892 5885 7986 7476 6945 6538 6249 5829 5437 4733 4278 3981 2385 494 2522 2223 1969 1403 1212 766
10 9634 9459 4905 4719 4522 4442 3898 871 2775 2053
34 9633 9482 9222 9154 8707 8582 8447 7949 7825 7623 7128 7009 6616 6064 5731 5501 5156 4764 4540 4106 2059 3569 3415 3365 2987 2552 2162 1405 1019 974 558 709 1553 4352
29 9632 9534 9094 8772 8561 7992 7599 6904 6200 5468 5354 5045 4702 4506 4142 942 3380 3063 2542 2232 1897 1606 1034 144 33 1527 1912 3049 6139
26 9631 9370 6277 8894 8627 8453 8115 7576 7363 6798 6528 6356 6099 5591 5431 4967 4499 4212 3599 3153 2998 2254 1811 1216 171 211
26 9630 9304 8812 8475 8055 7715 7618 7395 7180 6891 6458 3640 6049 5797 5524 5312 4973 4420 1219 469 62 463 612 1667 2455 3972
20 9629 9463 8666 8128 7972 4356 5350 4767 4365 3899 3501 3182 3020 2249 1763 634 61 989 2033 3426
19 9628 9583 9186 6682 6459 4437 5986 5761 5363 5036 4734 4416 3962 3689 2880 2549 1787 1234 978
21 9627 9359 6562 6034 5809 5267 640 4677 4400 4189 3832 3458 3388 2309 2057 1482 1089 670 201 775 1874
15 9626 9523 9287 5053 4547 4248 4159 3746 3389 2191 1241 647 402 1500 2751
22 9625 9303 8888 8366 8051 7710 7328 6983 6675 6487 6217 5669 5035 4659 4288 3977 708 3285 3076 2620 1746 3475
22 9624 9270 8704 8097 7638 7355 4956 3414 4081 3905 3339 1081 2823 2450 2184 1654 911 131 209 2313 3112 4661
21 9623 9453 8866 8472 8181 7845 7804 4402 4068 3238 2964 2419 2113 1954 1445 1128 675 162 230 2543 4673
26 9622 9440 9206 8792 7890 7757 7256 7182 6672 2838 6095 5883 5291 3200 4701 4293 4166 3737 3106 2779 2405 1666 685 484 1528 2074
14 9621 9026 8450 8221 7877 7647 7347 5067 2091 1385 322 856 3119 7468
37 9620 9371 9302 8910 8660 8406 8216 8044 7876 7572 7525 7271 7032 6754 6632 6438 6278 2742 5526 5409 5061 4953 4343 4187 2600 3958 3867 3337 2504 2165 1730 1350 667 343 43 1721 6502
20 9618 9559 9273 8746 8618 8157 7909 4892 4872 4403 3983 3788 3122 2715 2116 1670 238 493 2661 3321
30 9617 9448 8938 8659 8263 7914 7782 7214 6938 6576 6112 5697 5543 5425 5021 4378 3420 3967 3789 3395 2858 2150 1825 1426 359 86 280 1005 2781 5137
22 9616 9496 9388 9252 6437 6314 6006 5701 3557 4596 4542 4049 3600 3158 2619 1694 1119 346 497 2327 4833 5510
15 9615 9161 8797 8546 7283 7075 4247 4768 3468 3627 3406 3151 115 2448 1803
22 9614 9439 9040 8596 5177 5031 4621 4296 4197 4002 3811 3349 3043 2645 1936 1043 858 642 340 511 1864 4583
28 9613 8912 8762 8058 7699 7158 6963 6765 6305 6142 5772 5464 150 4913 4156 3892 3595 1631 3087 2913 2372 408 619 279 172 802 1447 2706
25 9612 9444 8911 8714 8452 8272 7875 7551 7238 7167 6897 6598 6463 4033 3190 3533 2989 2629 2037 1377 738 217 780 2123 5025
31 9611 9569 8556 8205 7884 7406 7269 7118 6949 6585 6434 6225 5694 5390 5095 4750 4514 4254 3858 3609 3085 2762 2238 2038 1919 1165 928 31 2613 3921 6807
35 9610 9505 8995 8398 8250 8130 7903 7461 7067 6860 6578 6184 5751 5411 5271 615 1986 1550 4383 4163 3839 3530 2679 2340 1953 1638 1296 637 349 126 817 1977 4855 5818 7270
25 9609 8969 8619 8080 7425 7038 6665 5811 5209 5139 4850 4363 3960 3706 3547 3075 2730 2295 1905 1366 1056 108 761 1752 3398
11 9608 9044 6318 5983 1619 1255 1011 723 698 2869 6649
26 9607 9204 9178 8759 8153 7589 7160 3311 6188 5874 5768 5583 5307 376 2323 3432 2755 2331 1927 1387 2 924 653 289 643 3430
20 9606 9368 9155 8838 8300 7941 7577 7133 7015 4726 4417 1361 963 770 157 700 2020 2738 3541 5343
27 9605 9535 9167 8755 8373 7523 7191 6676 6216 6052 5937 5574 5351 5254 2871 2618 2294 2109 1896 1841 1624 1289 142 178 920 1879 4502
22 9604 9573 9385 4143 8482 8246 7843 7566 7444 4562 4341 3946 3738 3264 2792 121 2104 550 809 590 69 873
15 9603 9509 8526 8012 7948 3023 2472 2139 1692 1603 1155 676 229 3319 5445
21 9602 9576 9166 8897 8777 8418 8002 7868 7764 7512 7150 6506 6177 5920 5356 5207 4941 459 837 1860 5192
28 9601 8782 8380 8030 7792 7712 7595 7285 6830 6247 5732 5151 4670 4609 4358 3777 3553 2745 2844 2236 1765 1139 701 537 176 847 2270 4693
29 9600 8869 8709 8541 8294 7837 7691 7462 7215 7021 6723 6615 6290 6202 5869 5740 5460 5158 4545 4390 3166 2483 1865 1461 994 236 159 530 1105
23 9599 9160 8483 8068 7853 1563 5104 4771 4508 4231 3604 3382 3313 2889 2286 2127 1572 1071 404 227 524 2783 7141
18 9598 9404 9149 9030 8489 8119 7255 6885 6671 6510 6255 3976 5715 5567 5418 5238 4811 4027
23 9597 9450 9263 8908 3654 4801 4623 4220 3688 3006 2416 1715 1123 1017 806 733 451 53 164 1460 2538 5497 8878
25 9596 9362 8956 8690 8683 8459 7991 7704 7560 7189 6623 6468 6178 5791 5573 3351 3002 2836 2272 1891 1486 776 538 2497 3371
36 9595 9502 9189 8873 8611 8283 8042 7847 7517 6044 6982 6844 6704 6681 6244 5700 5423 5150 4936 4188 3953 3543 3177 2848 2590 2449 2253 2002 1463 1126 414 93 1543 2665 3493 6843
21 9594 9291 8939 8744 8597 8514 8174 7984 7749 7316 6775 6375 6233 6026 5982 327 565 1913 3602 5027 6269
